Dst Port,TotLen Fwd Pkts,TotLen Bwd Pkts,Fwd Pkt Len Max,Fwd Pkt Len Mean,Bwd Pkt Len Max,Bwd Pkt Len Mean,Fwd IAT Tot,Fwd IAT Mean,Fwd IAT Max,Fwd IAT Min,Fwd Header Len,Bwd Header Len,Fwd Pkts/s,Fwd Seg Size Avg,Bwd Seg Size Avg,Subflow Fwd Byts,Subflow Bwd Byts,Init Fwd Win Byts
80.0,0.0,0.0,0.0,0.0,0.0,0.0,102.0,102.0,102.0,102.0,64.0,0.0,19607.84314,0.0,0.0,0.0,0.0,225.0
80.0,322.0,935.0,322.0,107.3333333,935.0,233.75,38600.0,19300.0,38318.0,282.0,104.0,136.0,71.77376908,107.3333333,233.75,322.0,935.0,26883.0
80.0,334.0,935.0,334.0,111.3333333,935.0,233.75,28509.0,14254.5,28184.0,325.0,104.0,136.0,97.90803172,111.3333333,233.75,334.0,935.0,26883.0
80.0,417.0,935.0,417.0,139.0,935.0,233.75,26557.0,13278.5,26225.0,332.0,104.0,136.0,91.36313802,139.0,233.75,417.0,935.0,26883.0
80.0,337.0,935.0,337.0,112.3333333,935.0,233.75,31319.0,15659.5,30963.0,356.0,104.0,136.0,94.81668774,112.3333333,233.75,337.0,935.0,26883.0
80.0,313.0,935.0,313.0,104.3333333,935.0,233.75,12460.0,6230.0,11806.0,654.0,104.0,136.0,43.38583019,104.3333333,233.75,313.0,935.0,26883.0
80.0,366.0,935.0,366.0,122.0,935.0,233.75,7363.0,3681.5,5658.0,1705.0,104.0,136.0,63.11803072,122.0,233.75,366.0,935.0,26883.0
80.0,361.0,935.0,361.0,120.3333333,935.0,233.75,5441.0,2720.5,3421.0,2020.0,104.0,136.0,61.68016777,120.3333333,233.75,361.0,935.0,26883.0
80.0,295.0,935.0,295.0,98.33333333,935.0,233.75,7190.0,3595.0,4330.0,2860.0,104.0,136.0,364.6086534,98.33333333,233.75,295.0,935.0,26883.0
80.0,340.0,935.0,340.0,113.3333333,935.0,233.75,11756.0,5878.0,11488.0,268.0,104.0,136.0,120.1537969,113.3333333,233.75,340.0,935.0,26883.0
80.0,0.0,0.0,0.0,0.0,0.0,0.0,115.0,115.0,115.0,115.0,64.0,0.0,17391.30435,0.0,0.0,0.0,0.0,225.0
80.0,359.0,935.0,359.0,89.75,935.0,233.75,29426.0,9808.666667,28581.0,266.0,136.0,136.0,131.9000198,89.75,233.75,359.0,935.0,26883.0
80.0,397.0,935.0,397.0,132.3333333,935.0,233.75,35376.0,17688.0,35053.0,323.0,104.0,136.0,47.29921483,132.3333333,233.75,397.0,935.0,26883.0
80.0,352.0,935.0,352.0,117.3333333,935.0,233.75,41937.0,20968.5,41647.0,290.0,104.0,136.0,67.77516718,117.3333333,233.75,352.0,935.0,26883.0
80.0,354.0,935.0,354.0,118.0,935.0,233.75,11797.0,5898.5,8190.0,3607.0,104.0,136.0,44.12218905,118.0,233.75,354.0,935.0,26883.0
80.0,369.0,935.0,369.0,123.0,935.0,233.75,50357.0,25178.5,50108.0,249.0,104.0,136.0,45.40432552,123.0,233.75,369.0,935.0,26883.0
80.0,300.0,935.0,300.0,100.0,935.0,233.75,288.0,144.0,272.0,16.0,104.0,136.0,1744.186047,100.0,233.75,300.0,935.0,26883.0
80.0,401.0,935.0,401.0,133.6666667,935.0,233.75,11049.0,5524.5,8067.0,2982.0,104.0,136.0,54.93700557,133.6666667,233.75,401.0,935.0,26883.0
80.0,333.0,935.0,333.0,111.0,935.0,233.75,17814.0,8907.0,17509.0,305.0,104.0,136.0,156.39662180000005,111.0,233.75,333.0,935.0,26883.0
80.0,372.0,935.0,372.0,124.0,935.0,233.75,306.0,153.0,284.0,22.0,104.0,136.0,126.8498943,124.0,233.75,372.0,935.0,26883.0
80.0,394.0,935.0,394.0,131.3333333,935.0,233.75,22853.0,11426.5,22568.0,285.0,104.0,136.0,64.1491682,131.3333333,233.75,394.0,935.0,26883.0
80.0,340.0,935.0,340.0,113.3333333,935.0,233.75,8318.0,4159.0,8044.0,274.0,104.0,136.0,325.0975293,113.3333333,233.75,340.0,935.0,26883.0
80.0,337.0,935.0,337.0,112.3333333,935.0,233.75,10957.0,5478.5,5648.0,5309.0,104.0,136.0,59.58173621,112.3333333,233.75,337.0,935.0,26883.0
80.0,0.0,0.0,0.0,0.0,0.0,0.0,14.0,14.0,14.0,14.0,64.0,0.0,142857.1429,0.0,0.0,0.0,0.0,225.0
80.0,300.0,935.0,300.0,100.0,935.0,233.75,7188.0,3594.0,4814.0,2374.0,104.0,136.0,69.88608568,100.0,233.75,300.0,935.0,26883.0
80.0,370.0,935.0,370.0,123.3333333,935.0,233.75,12524.0,6262.0,11686.0,838.0,104.0,136.0,58.88125613,123.3333333,233.75,370.0,935.0,26883.0
80.0,298.0,935.0,298.0,99.33333333,935.0,233.75,11870.0,5935.0,10034.0,1836.0,104.0,136.0,71.03449909,99.33333333,233.75,298.0,935.0,26883.0
80.0,408.0,935.0,408.0,136.0,935.0,233.75,12004.0,6002.0,9933.0,2071.0,104.0,136.0,58.93099181,136.0,233.75,408.0,935.0,26883.0
80.0,0.0,0.0,0.0,0.0,0.0,0.0,30.0,30.0,30.0,30.0,64.0,0.0,66666.66667,0.0,0.0,0.0,0.0,225.0
80.0,369.0,935.0,369.0,123.0,935.0,233.75,27899.0,13949.5,27656.0,243.0,104.0,136.0,105.1782772,123.0,233.75,369.0,935.0,26883.0
80.0,318.0,935.0,318.0,106.0,935.0,233.75,33585.0,16792.5,33215.0,370.0,104.0,136.0,50.80698427,106.0,233.75,318.0,935.0,26883.0
80.0,291.0,935.0,291.0,97.0,935.0,233.75,11226.0,5613.0,8562.0,2664.0,104.0,136.0,78.57722832,97.0,233.75,291.0,935.0,26883.0
80.0,336.0,935.0,336.0,112.0,935.0,233.75,16597.0,8298.5,16306.0,291.0,104.0,136.0,101.722501,112.0,233.75,336.0,935.0,26883.0
80.0,410.0,935.0,410.0,136.66666669999998,935.0,233.75,36437.0,18218.5,36134.0,303.0,104.0,136.0,81.21277748,136.66666669999998,233.75,410.0,935.0,26883.0
80.0,346.0,935.0,346.0,115.3333333,935.0,233.75,24483.0,12241.5,20044.0,4439.0,104.0,136.0,82.42664029,115.3333333,233.75,346.0,935.0,26883.0
80.0,359.0,935.0,359.0,119.6666667,935.0,233.75,8784.0,4392.0,5459.0,3325.0,104.0,136.0,82.39268353,119.6666667,233.75,359.0,935.0,26883.0
80.0,370.0,935.0,370.0,123.3333333,935.0,233.75,42808.0,21404.0,42484.0,324.0,104.0,136.0,67.04210244,123.3333333,233.75,370.0,935.0,26883.0
80.0,0.0,0.0,0.0,0.0,0.0,0.0,105.0,105.0,105.0,105.0,64.0,0.0,19047.61905,0.0,0.0,0.0,0.0,225.0
80.0,350.0,935.0,350.0,116.6666667,935.0,233.75,24806.0,12403.0,24512.0,294.0,104.0,136.0,56.05800135,116.6666667,233.75,350.0,935.0,26883.0
80.0,313.0,935.0,313.0,104.3333333,935.0,233.75,12477.0,6238.5,11521.0,956.0,104.0,136.0,55.81810739,104.3333333,233.75,313.0,935.0,26883.0
80.0,348.0,935.0,348.0,116.0,935.0,233.75,11117.0,5558.5,7510.0,3607.0,104.0,136.0,58.59489443,116.0,233.75,348.0,935.0,26883.0
80.0,0.0,0.0,0.0,0.0,0.0,0.0,73.0,73.0,73.0,73.0,64.0,0.0,27397.26027,0.0,0.0,0.0,0.0,225.0
80.0,0.0,0.0,0.0,0.0,0.0,0.0,85.0,85.0,85.0,85.0,64.0,0.0,23529.41176,0.0,0.0,0.0,0.0,225.0
80.0,347.0,935.0,347.0,115.6666667,935.0,233.75,33494.0,16747.0,33185.0,309.0,104.0,136.0,85.89835361,115.6666667,233.75,347.0,935.0,26883.0
80.0,0.0,0.0,0.0,0.0,0.0,0.0,59.0,59.0,59.0,59.0,64.0,0.0,33898.30508,0.0,0.0,0.0,0.0,225.0
80.0,359.0,935.0,359.0,119.6666667,935.0,233.75,5378.0,2689.0,3116.0,2262.0,104.0,136.0,64.29903337,119.6666667,233.75,359.0,935.0,26883.0
80.0,346.0,935.0,346.0,115.3333333,935.0,233.75,4033.0,2016.5,2028.0,2005.0,104.0,136.0,59.85515054,115.3333333,233.75,346.0,935.0,26883.0
80.0,302.0,935.0,302.0,100.6666667,935.0,233.75,2265.0,1132.5,1637.0,628.0,104.0,136.0,128.7664177,100.6666667,233.75,302.0,935.0,26883.0
80.0,333.0,935.0,333.0,111.0,935.0,233.75,29309.0,14654.5,29039.0,270.0,104.0,136.0,75.51729346,111.0,233.75,333.0,935.0,26883.0
80.0,316.0,935.0,316.0,105.3333333,935.0,233.75,31450.0,15725.0,31161.0,289.0,104.0,136.0,76.05141075,105.3333333,233.75,316.0,935.0,26883.0
80.0,392.0,935.0,392.0,130.6666667,935.0,233.75,28840.0,14420.0,23573.0,5267.0,104.0,136.0,63.469228,130.6666667,233.75,392.0,935.0,26883.0
80.0,0.0,0.0,0.0,0.0,0.0,0.0,89.0,89.0,89.0,89.0,64.0,0.0,22471.91011,0.0,0.0,0.0,0.0,225.0
80.0,333.0,935.0,333.0,111.0,935.0,233.75,31439.0,15719.5,31179.0,260.0,104.0,136.0,88.07985907,111.0,233.75,333.0,935.0,26883.0
80.0,373.0,935.0,373.0,124.3333333,935.0,233.75,1772.0,886.0,1412.0,360.0,104.0,136.0,1165.048544,124.3333333,233.75,373.0,935.0,26883.0
80.0,296.0,935.0,296.0,98.66666667,935.0,233.75,11041.0,5520.5,9130.0,1911.0,104.0,136.0,60.77303298,98.66666667,233.75,296.0,935.0,26883.0
80.0,336.0,935.0,336.0,112.0,935.0,233.75,12622.0,6311.0,9444.0,3178.0,104.0,136.0,44.95190147,112.0,233.75,336.0,935.0,26883.0
80.0,363.0,935.0,363.0,121.0,935.0,233.75,22161.0,11080.5,21895.0,266.0,104.0,136.0,66.11715961,121.0,233.75,363.0,935.0,26883.0
80.0,347.0,935.0,347.0,115.6666667,935.0,233.75,19148.0,9574.0,18875.0,273.0,104.0,136.0,123.5432195,115.6666667,233.75,347.0,935.0,26883.0
80.0,320.0,935.0,320.0,106.6666667,935.0,233.75,28608.0,14304.0,28321.0,287.0,104.0,136.0,101.0305112,106.6666667,233.75,320.0,935.0,26883.0
80.0,341.0,935.0,341.0,113.6666667,935.0,233.75,19812.0,9906.0,19524.0,288.0,104.0,136.0,80.66033931,113.6666667,233.75,341.0,935.0,26883.0
80.0,312.0,935.0,312.0,104.0,935.0,233.75,12825.0,6412.5,12453.0,372.0,104.0,136.0,97.94639068,104.0,233.75,312.0,935.0,26883.0
80.0,328.0,935.0,328.0,109.3333333,935.0,233.75,11913.0,5956.5,10400.0,1513.0,104.0,136.0,53.01758417,109.3333333,233.75,328.0,935.0,26883.0
80.0,0.0,0.0,0.0,0.0,0.0,0.0,64.0,64.0,64.0,64.0,64.0,0.0,31250.0,0.0,0.0,0.0,0.0,225.0
80.0,354.0,935.0,354.0,118.0,935.0,233.75,9078.0,4539.0,8819.0,259.0,104.0,136.0,77.76452901,118.0,233.75,354.0,935.0,26883.0
80.0,344.0,935.0,344.0,86.0,935.0,233.75,1014678.0,338226.0,1002199.0,2307.0,144.0,136.0,3.779596604,86.0,233.75,344.0,935.0,26883.0
80.0,363.0,935.0,363.0,121.0,935.0,233.75,11568.0,5784.0,9466.0,2102.0,104.0,136.0,56.01508673,121.0,233.75,363.0,935.0,26883.0
80.0,305.0,935.0,305.0,101.6666667,935.0,233.75,4600.0,2300.0,3028.0,1572.0,104.0,136.0,64.85364694,101.6666667,233.75,305.0,935.0,26883.0
80.0,342.0,935.0,342.0,114.0,935.0,233.75,20522.0,10261.0,20244.0,278.0,104.0,136.0,46.86035614,114.0,233.75,342.0,935.0,26883.0
80.0,367.0,935.0,367.0,122.3333333,935.0,233.75,9186.0,4593.0,6056.0,3130.0,104.0,136.0,63.90456918,122.3333333,233.75,367.0,935.0,26883.0
80.0,353.0,935.0,353.0,117.6666667,935.0,233.75,35829.0,17914.5,35566.0,263.0,104.0,136.0,39.92600381,117.6666667,233.75,353.0,935.0,26883.0
80.0,326.0,935.0,326.0,108.6666667,935.0,233.75,25557.0,12778.5,24243.0,1314.0,104.0,136.0,100.3378039,108.6666667,233.75,326.0,935.0,26883.0
80.0,361.0,935.0,361.0,120.3333333,935.0,233.75,33714.0,16857.0,33387.0,327.0,104.0,136.0,83.4190696,120.3333333,233.75,361.0,935.0,26883.0
80.0,324.0,935.0,324.0,108.0,935.0,233.75,8459.0,4229.5,8152.0,307.0,104.0,136.0,220.2966662,108.0,233.75,324.0,935.0,26883.0
80.0,363.0,935.0,363.0,121.0,935.0,233.75,31198.0,15599.0,30938.0,260.0,104.0,136.0,88.13678829999998,121.0,233.75,363.0,935.0,26883.0
80.0,310.0,935.0,310.0,103.3333333,935.0,233.75,1893.0,946.5,1169.0,724.0,104.0,136.0,72.77137659,103.3333333,233.75,310.0,935.0,26883.0
80.0,324.0,935.0,324.0,108.0,935.0,233.75,41697.0,20848.5,41386.0,311.0,104.0,136.0,68.26404533,108.0,233.75,324.0,935.0,26883.0
80.0,367.0,935.0,367.0,122.3333333,935.0,233.75,33001.0,16500.5,32642.0,359.0,104.0,136.0,49.16420846,122.3333333,233.75,367.0,935.0,26883.0
80.0,412.0,935.0,412.0,137.33333330000002,935.0,233.75,27863.0,13931.5,27442.0,421.0,104.0,136.0,90.74959163,137.33333330000002,233.75,412.0,935.0,26883.0
80.0,370.0,935.0,370.0,123.3333333,935.0,233.75,10835.0,5417.5,9081.0,1754.0,104.0,136.0,67.44907595,123.3333333,233.75,370.0,935.0,26883.0
80.0,306.0,935.0,306.0,102.0,935.0,233.75,2820.0,1410.0,2491.0,329.0,104.0,136.0,409.7800847,102.0,233.75,306.0,935.0,26883.0
80.0,314.0,935.0,314.0,104.6666667,935.0,233.75,1923.0,961.5,1398.0,525.0,104.0,136.0,252.78058650000003,104.6666667,233.75,314.0,935.0,26883.0
80.0,0.0,0.0,0.0,0.0,0.0,0.0,61.0,61.0,61.0,61.0,64.0,0.0,32786.88525,0.0,0.0,0.0,0.0,225.0
80.0,357.0,935.0,357.0,119.0,935.0,233.75,28980.0,14490.0,28725.0,255.0,104.0,136.0,61.31458470000001,119.0,233.75,357.0,935.0,26883.0
80.0,378.0,935.0,378.0,126.0,935.0,233.75,29185.0,14592.5,28869.0,316.0,104.0,136.0,101.5125368,126.0,233.75,378.0,935.0,26883.0
80.0,0.0,0.0,0.0,0.0,0.0,0.0,29.0,29.0,29.0,29.0,64.0,0.0,68965.51724,0.0,0.0,0.0,0.0,225.0
80.0,295.0,935.0,295.0,98.33333333,935.0,233.75,33465.0,16732.5,33199.0,266.0,104.0,136.0,88.87045649999997,98.33333333,233.75,295.0,935.0,26883.0
80.0,328.0,935.0,328.0,109.3333333,935.0,233.75,18089.0,9044.5,17809.0,280.0,104.0,136.0,87.42277655,109.3333333,233.75,328.0,935.0,26883.0
80.0,383.0,935.0,383.0,127.6666667,935.0,233.75,28626.0,14313.0,28277.0,349.0,104.0,136.0,100.5463016,127.6666667,233.75,383.0,935.0,26883.0
80.0,370.0,935.0,370.0,123.3333333,935.0,233.75,11602.0,5801.0,9951.0,1651.0,104.0,136.0,49.3485985,123.3333333,233.75,370.0,935.0,26883.0
80.0,742.0,935.0,371.0,123.6666667,935.0,311.6666667,279764.0,55952.8,202365.0,272.0,200.0,104.0,21.44664789,123.6666667,311.6666667,742.0,935.0,26883.0
80.0,303.0,935.0,303.0,101.0,935.0,233.75,8076.0,4038.0,7832.0,244.0,104.0,136.0,170.3964558,101.0,233.75,303.0,935.0,26883.0
80.0,357.0,935.0,357.0,119.0,935.0,233.75,43514.0,21757.0,43246.0,268.0,104.0,136.0,46.82013266,119.0,233.75,357.0,935.0,26883.0
80.0,318.0,935.0,318.0,106.0,935.0,233.75,12618.0,6309.0,12325.0,293.0,104.0,136.0,211.2229811,106.0,233.75,318.0,935.0,26883.0
80.0,350.0,935.0,350.0,116.6666667,935.0,233.75,22281.0,11140.5,22022.0,259.0,104.0,136.0,132.0422535,116.6666667,233.75,350.0,935.0,26883.0
80.0,339.0,935.0,339.0,113.0,935.0,233.75,16138.0,8069.0,15874.0,264.0,104.0,136.0,74.09419842,113.0,233.75,339.0,935.0,26883.0
80.0,375.0,935.0,375.0,125.0,935.0,233.75,2806.0,1403.0,2540.0,266.0,104.0,136.0,690.1311249,125.0,233.75,375.0,935.0,26883.0
80.0,412.0,935.0,412.0,137.33333330000002,935.0,233.75,40762.0,20381.0,40452.0,310.0,104.0,136.0,68.35425733,137.33333330000002,233.75,412.0,935.0,26883.0
80.0,360.0,935.0,360.0,120.0,935.0,233.75,30328.0,15164.0,30000.0,328.0,104.0,136.0,96.59347028,120.0,233.75,360.0,935.0,26883.0
80.0,348.0,935.0,348.0,116.0,935.0,233.75,67154.0,33577.0,66314.0,840.0,104.0,136.0,31.83260295,116.0,233.75,348.0,935.0,26883.0
80.0,0.0,0.0,0.0,0.0,0.0,0.0,110.0,110.0,110.0,110.0,64.0,0.0,18181.81818,0.0,0.0,0.0,0.0,225.0
80.0,377.0,935.0,377.0,125.6666667,935.0,233.75,6885.0,3442.5,3505.0,3380.0,104.0,136.0,66.28515875,125.6666667,233.75,377.0,935.0,26883.0
80.0,368.0,935.0,368.0,122.6666667,935.0,233.75,5747.0,2873.5,4036.0,1711.0,104.0,136.0,59.65875194,122.6666667,233.75,368.0,935.0,26883.0
80.0,358.0,935.0,358.0,119.3333333,935.0,233.75,13566.0,6783.0,13329.0,237.0,104.0,136.0,53.13778628,119.3333333,233.75,358.0,935.0,26883.0
80.0,0.0,0.0,0.0,0.0,0.0,0.0,103.0,103.0,103.0,103.0,64.0,0.0,19417.47573,0.0,0.0,0.0,0.0,225.0
80.0,398.0,935.0,398.0,132.6666667,935.0,233.75,14902.0,7451.0,14170.0,732.0,104.0,136.0,62.42976651,132.6666667,233.75,398.0,935.0,26883.0
80.0,288.0,935.0,288.0,96.0,935.0,233.75,3840.0,1920.0,3595.0,245.0,104.0,136.0,310.1736973,96.0,233.75,288.0,935.0,26883.0
80.0,349.0,935.0,349.0,116.3333333,935.0,233.75,5156.0,2578.0,4915.0,241.0,104.0,136.0,257.7984016,116.3333333,233.75,349.0,935.0,26883.0
80.0,333.0,935.0,333.0,111.0,935.0,233.75,99231.0,49615.5,98967.0,264.0,104.0,136.0,30.06674818,111.0,233.75,333.0,935.0,26883.0
80.0,317.0,935.0,317.0,105.6666667,935.0,233.75,46467.0,23233.5,46137.0,330.0,104.0,136.0,62.97361406,105.6666667,233.75,317.0,935.0,26883.0
80.0,0.0,0.0,0.0,0.0,0.0,0.0,71.0,71.0,71.0,71.0,64.0,0.0,28169.01408,0.0,0.0,0.0,0.0,225.0
80.0,383.0,935.0,383.0,127.6666667,935.0,233.75,33793.0,16896.5,33552.0,241.0,104.0,136.0,41.38216429,127.6666667,233.75,383.0,935.0,26883.0
80.0,323.0,935.0,323.0,80.75,935.0,233.75,34074.0,11358.0,32935.0,344.0,136.0,136.0,116.2621712,80.75,233.75,323.0,935.0,26883.0
80.0,334.0,935.0,334.0,111.3333333,935.0,233.75,5122.0,2561.0,2900.0,2222.0,104.0,136.0,64.04508774,111.3333333,233.75,334.0,935.0,26883.0
80.0,355.0,935.0,355.0,118.3333333,935.0,233.75,12248.0,6124.0,11965.0,283.0,104.0,136.0,101.6880212,118.3333333,233.75,355.0,935.0,26883.0
80.0,343.0,935.0,343.0,114.3333333,935.0,233.75,15484.0,7742.0,15230.0,254.0,104.0,136.0,100.3646583,114.3333333,233.75,343.0,935.0,26883.0
80.0,355.0,935.0,355.0,118.3333333,935.0,233.75,15549.0,7774.5,15265.0,284.0,104.0,136.0,112.6845209,118.3333333,233.75,355.0,935.0,26883.0
80.0,375.0,935.0,375.0,125.0,935.0,233.75,16434.0,8217.0,16101.0,333.0,104.0,136.0,86.91621277,125.0,233.75,375.0,935.0,26883.0
80.0,374.0,935.0,374.0,124.6666667,935.0,233.75,32553.0,16276.5,32284.0,269.0,104.0,136.0,52.53112469,124.6666667,233.75,374.0,935.0,26883.0
80.0,320.0,935.0,320.0,106.6666667,935.0,233.75,36338.0,18169.0,36037.0,301.0,104.0,136.0,59.03303882,106.6666667,233.75,320.0,935.0,26883.0
80.0,410.0,935.0,410.0,136.66666669999998,935.0,233.75,773.0,386.5,452.0,321.0,104.0,136.0,930.2325581,136.66666669999998,233.75,410.0,935.0,26883.0
80.0,374.0,935.0,374.0,124.6666667,935.0,233.75,23838.0,11919.0,23547.0,291.0,104.0,136.0,118.7648456,124.6666667,233.75,374.0,935.0,26883.0
80.0,411.0,935.0,411.0,102.75,935.0,233.75,1013176.0,337725.3333,1011177.0,481.0,144.0,136.0,3.91632766,102.75,233.75,411.0,935.0,26883.0
80.0,360.0,935.0,360.0,120.0,935.0,233.75,12870.0,6435.0,10056.0,2814.0,104.0,136.0,57.43055688,120.0,233.75,360.0,935.0,26883.0
80.0,334.0,935.0,334.0,111.3333333,935.0,233.75,37387.0,18693.5,37149.0,238.0,104.0,136.0,40.05875284,111.3333333,233.75,334.0,935.0,26883.0
80.0,345.0,935.0,345.0,115.0,935.0,233.75,29869.0,14934.5,29537.0,332.0,104.0,136.0,99.51569031,115.0,233.75,345.0,935.0,26883.0
80.0,307.0,935.0,307.0,102.3333333,935.0,233.75,32890.0,16445.0,32594.0,296.0,104.0,136.0,44.0573921,102.3333333,233.75,307.0,935.0,26883.0
80.0,363.0,935.0,363.0,121.0,935.0,233.75,7177.0,3588.5,5501.0,1676.0,104.0,136.0,63.25777543,121.0,233.75,363.0,935.0,26883.0
80.0,0.0,0.0,0.0,0.0,0.0,0.0,35.0,35.0,35.0,35.0,64.0,0.0,57142.85714,0.0,0.0,0.0,0.0,225.0
80.0,342.0,935.0,342.0,114.0,935.0,233.75,29821.0,14910.5,29482.0,339.0,104.0,136.0,99.66115208,114.0,233.75,342.0,935.0,26883.0
80.0,338.0,935.0,338.0,112.6666667,935.0,233.75,17255.0,8627.5,16988.0,267.0,104.0,136.0,166.0669803,112.6666667,233.75,338.0,935.0,26883.0
80.0,350.0,935.0,350.0,116.6666667,935.0,233.75,22799.0,11399.5,22456.0,343.0,104.0,136.0,108.8534107,116.6666667,233.75,350.0,935.0,26883.0
80.0,334.0,935.0,334.0,111.3333333,935.0,233.75,12127.0,6063.5,11800.0,327.0,104.0,136.0,207.5119319,111.3333333,233.75,334.0,935.0,26883.0
80.0,326.0,935.0,326.0,108.6666667,935.0,233.75,26742.0,13371.0,26503.0,239.0,104.0,136.0,109.4730696,108.6666667,233.75,326.0,935.0,26883.0
80.0,0.0,0.0,0.0,0.0,0.0,0.0,77.0,77.0,77.0,77.0,64.0,0.0,25974.02597,0.0,0.0,0.0,0.0,225.0
80.0,332.0,935.0,332.0,110.6666667,935.0,233.75,3185.0,1592.5,2880.0,305.0,104.0,136.0,200.3472686,110.6666667,233.75,332.0,935.0,26883.0
80.0,412.0,935.0,412.0,137.33333330000002,935.0,233.75,14952.0,7476.0,14587.0,365.0,104.0,136.0,64.29214350000001,137.33333330000002,233.75,412.0,935.0,26883.0
80.0,352.0,935.0,352.0,117.3333333,935.0,233.75,30979.0,15489.5,30586.0,393.0,104.0,136.0,44.50774435,117.3333333,233.75,352.0,935.0,26883.0
80.0,303.0,935.0,303.0,101.0,935.0,233.75,17564.0,8782.0,16378.0,1186.0,104.0,136.0,65.27557171,101.0,233.75,303.0,935.0,26883.0
80.0,310.0,935.0,310.0,103.3333333,935.0,233.75,8798.0,4399.0,8126.0,672.0,104.0,136.0,59.02026362,103.3333333,233.75,310.0,935.0,26883.0
80.0,325.0,935.0,325.0,108.3333333,935.0,233.75,19354.0,9677.0,18987.0,367.0,104.0,136.0,60.56323811,108.3333333,233.75,325.0,935.0,26883.0
80.0,320.0,935.0,320.0,106.6666667,935.0,233.75,26590.0,13295.0,26175.0,415.0,104.0,136.0,58.58459616,106.6666667,233.75,320.0,935.0,26883.0
80.0,356.0,935.0,356.0,118.6666667,935.0,233.75,5882.0,2941.0,5523.0,359.0,104.0,136.0,241.2157273,118.6666667,233.75,356.0,935.0,26883.0
80.0,308.0,935.0,308.0,102.6666667,935.0,233.75,6755.0,3377.5,3755.0,3000.0,104.0,136.0,67.68647624,102.6666667,233.75,308.0,935.0,26883.0
80.0,361.0,935.0,361.0,120.3333333,935.0,233.75,10416.0,5208.0,10167.0,249.0,104.0,136.0,142.8367376,120.3333333,233.75,361.0,935.0,26883.0
80.0,0.0,0.0,0.0,0.0,0.0,0.0,80.0,80.0,80.0,80.0,64.0,0.0,25000.0,0.0,0.0,0.0,0.0,225.0
80.0,350.0,935.0,350.0,116.6666667,935.0,233.75,35101.0,17550.5,34842.0,259.0,104.0,136.0,80.75152755,116.6666667,233.75,350.0,935.0,26883.0
80.0,325.0,935.0,325.0,108.3333333,935.0,233.75,34912.0,17456.0,34609.0,303.0,104.0,136.0,42.38006442,108.3333333,233.75,325.0,935.0,26883.0
80.0,296.0,935.0,296.0,98.66666667,935.0,233.75,43027.0,21513.5,42745.0,282.0,104.0,136.0,68.10133479,98.66666667,233.75,296.0,935.0,26883.0
80.0,406.0,935.0,406.0,135.33333330000002,935.0,233.75,34585.0,17292.5,34291.0,294.0,104.0,136.0,83.67033886,135.33333330000002,233.75,406.0,935.0,26883.0
80.0,354.0,935.0,354.0,118.0,935.0,233.75,19950.0,9975.0,18035.0,1915.0,104.0,136.0,136.06059230000002,118.0,233.75,354.0,935.0,26883.0
80.0,332.0,935.0,332.0,110.6666667,935.0,233.75,2432.0,1216.0,2212.0,220.0,104.0,136.0,73.60157017,110.6666667,233.75,332.0,935.0,26883.0
80.0,0.0,0.0,0.0,0.0,0.0,0.0,79.0,79.0,79.0,79.0,64.0,0.0,25316.4557,0.0,0.0,0.0,0.0,225.0
80.0,309.0,935.0,309.0,103.0,935.0,233.75,30856.0,15428.0,30601.0,255.0,104.0,136.0,41.91993293,103.0,233.75,309.0,935.0,26883.0
80.0,313.0,935.0,313.0,104.3333333,935.0,233.75,38528.0,19264.0,38174.0,354.0,104.0,136.0,72.60758023,104.3333333,233.75,313.0,935.0,26883.0
80.0,356.0,935.0,356.0,118.6666667,935.0,233.75,40165.0,20082.5,39721.0,444.0,104.0,136.0,70.33173133,118.6666667,233.75,356.0,935.0,26883.0
80.0,1077.0,935.0,359.0,215.4,935.0,233.75,424199.0,106049.75,210591.0,2230.0,168.0,136.0,10.92027327,215.4,233.75,1077.0,935.0,26883.0
80.0,310.0,935.0,310.0,103.3333333,935.0,233.75,32925.0,16462.5,32641.0,284.0,104.0,136.0,90.20657305,103.3333333,233.75,310.0,935.0,26883.0
80.0,394.0,935.0,394.0,131.3333333,935.0,233.75,8528.0,4264.0,8238.0,290.0,104.0,136.0,122.3341353,131.3333333,233.75,394.0,935.0,26883.0
80.0,357.0,935.0,357.0,119.0,935.0,233.75,20482.0,10241.0,20192.0,290.0,104.0,136.0,130.66202090000002,119.0,233.75,357.0,935.0,26883.0
80.0,335.0,935.0,335.0,111.6666667,935.0,233.75,13455.0,6727.5,13175.0,280.0,104.0,136.0,102.6097069,111.6666667,233.75,335.0,935.0,26883.0
80.0,352.0,935.0,352.0,117.3333333,935.0,233.75,11590.0,5795.0,10800.0,790.0,104.0,136.0,54.20250054,117.3333333,233.75,352.0,935.0,26883.0
80.0,393.0,935.0,393.0,131.0,935.0,233.75,9780.0,4890.0,9482.0,298.0,104.0,136.0,99.23916639,131.0,233.75,393.0,935.0,26883.0
80.0,356.0,935.0,356.0,118.6666667,935.0,233.75,12936.0,6468.0,12225.0,711.0,104.0,136.0,43.93673111,118.6666667,233.75,356.0,935.0,26883.0
80.0,375.0,935.0,375.0,125.0,935.0,233.75,16534.0,8267.0,16222.0,312.0,104.0,136.0,95.59924795,125.0,233.75,375.0,935.0,26883.0
80.0,304.0,935.0,304.0,101.3333333,935.0,233.75,18408.0,9204.0,16817.0,1591.0,104.0,136.0,87.09789804,101.3333333,233.75,304.0,935.0,26883.0
80.0,328.0,935.0,328.0,109.3333333,935.0,233.75,941.0,470.5,831.0,110.0,104.0,136.0,676.2849414,109.3333333,233.75,328.0,935.0,26883.0
80.0,326.0,935.0,326.0,108.6666667,935.0,233.75,30309.0,15154.5,30058.0,251.0,104.0,136.0,97.35518416,108.6666667,233.75,326.0,935.0,26883.0
80.0,341.0,935.0,341.0,113.6666667,935.0,233.75,11492.0,5746.0,10118.0,1374.0,104.0,136.0,61.16706765,113.6666667,233.75,341.0,935.0,26883.0
80.0,342.0,935.0,342.0,114.0,935.0,233.75,41085.0,20542.5,40825.0,260.0,104.0,136.0,70.83825266,114.0,233.75,342.0,935.0,26883.0
80.0,369.0,935.0,369.0,123.0,935.0,233.75,3028.0,1514.0,2773.0,255.0,104.0,136.0,256.6076469,123.0,233.75,369.0,935.0,26883.0
80.0,416.0,935.0,416.0,138.66666669999998,935.0,233.75,2101.0,1050.5,1831.0,270.0,104.0,136.0,319.1489362,138.66666669999998,233.75,416.0,935.0,26883.0
80.0,351.0,935.0,351.0,117.0,935.0,233.75,9022.0,4511.0,7529.0,1493.0,104.0,136.0,85.42870974,117.0,233.75,351.0,935.0,26883.0
80.0,311.0,935.0,311.0,103.6666667,935.0,233.75,4892.0,2446.0,4104.0,788.0,104.0,136.0,58.60977611,103.6666667,233.75,311.0,935.0,26883.0
80.0,0.0,0.0,0.0,0.0,0.0,0.0,15.0,15.0,15.0,15.0,64.0,0.0,133333.3333,0.0,0.0,0.0,0.0,225.0
80.0,324.0,935.0,324.0,108.0,935.0,233.75,31202.0,15601.0,30852.0,350.0,104.0,136.0,91.86391891,108.0,233.75,324.0,935.0,26883.0
80.0,350.0,935.0,350.0,116.6666667,935.0,233.75,5391.0,2695.5,5099.0,292.0,104.0,136.0,204.4014444,116.6666667,233.75,350.0,935.0,26883.0
80.0,379.0,935.0,379.0,126.3333333,935.0,233.75,11773.0,5886.5,11438.0,335.0,104.0,136.0,154.85469469999995,126.3333333,233.75,379.0,935.0,26883.0
80.0,294.0,935.0,294.0,98.0,935.0,233.75,10689.0,5344.5,9170.0,1519.0,104.0,136.0,61.06000163,98.0,233.75,294.0,935.0,26883.0
80.0,347.0,935.0,347.0,86.75,935.0,233.75,12472.0,4157.333333,10886.0,464.0,136.0,136.0,252.3181732,86.75,233.75,347.0,935.0,26883.0
80.0,320.0,935.0,320.0,106.6666667,935.0,233.75,12356.0,6178.0,12069.0,287.0,104.0,136.0,135.9804188,106.6666667,233.75,320.0,935.0,26883.0
80.0,0.0,0.0,0.0,0.0,0.0,0.0,69.0,69.0,69.0,69.0,64.0,0.0,28985.50725,0.0,0.0,0.0,0.0,225.0
80.0,328.0,935.0,328.0,109.3333333,935.0,233.75,18209.0,9104.5,17922.0,287.0,104.0,136.0,144.6340758,109.3333333,233.75,328.0,935.0,26883.0
80.0,307.0,935.0,307.0,102.3333333,935.0,233.75,1484.0,742.0,1217.0,267.0,104.0,136.0,88.62105636,102.3333333,233.75,307.0,935.0,26883.0
80.0,358.0,935.0,358.0,119.3333333,935.0,233.75,9577.0,4788.5,9333.0,244.0,104.0,136.0,112.0029867,119.3333333,233.75,358.0,935.0,26883.0
80.0,322.0,935.0,322.0,107.3333333,935.0,233.75,40390.0,20195.0,40104.0,286.0,104.0,136.0,73.75175159999998,107.3333333,233.75,322.0,935.0,26883.0
80.0,292.0,935.0,292.0,97.33333333,935.0,233.75,29877.0,14938.5,29537.0,340.0,104.0,136.0,41.6516258,97.33333333,233.75,292.0,935.0,26883.0
80.0,407.0,935.0,407.0,135.66666669999998,935.0,233.75,33300.0,16650.0,32961.0,339.0,104.0,136.0,87.98428014,135.66666669999998,233.75,407.0,935.0,26883.0
80.0,300.0,935.0,300.0,100.0,935.0,233.75,63432.0,31716.0,63177.0,255.0,104.0,136.0,44.4932222,100.0,233.75,300.0,935.0,26883.0
80.0,398.0,935.0,398.0,132.6666667,935.0,233.75,8042.0,4021.0,7772.0,270.0,104.0,136.0,355.8296762,132.6666667,233.75,398.0,935.0,26883.0
80.0,373.0,935.0,373.0,124.3333333,935.0,233.75,42016.0,21008.0,41701.0,315.0,104.0,136.0,67.77516718,124.3333333,233.75,373.0,935.0,26883.0
80.0,318.0,935.0,318.0,106.0,935.0,233.75,9860.0,4930.0,9619.0,241.0,104.0,136.0,187.3360809,106.0,233.75,318.0,935.0,26883.0
80.0,326.0,935.0,326.0,108.6666667,935.0,233.75,12460.0,6230.0,12185.0,275.0,104.0,136.0,206.7967188,108.6666667,233.75,326.0,935.0,26883.0
80.0,0.0,0.0,0.0,0.0,0.0,0.0,86.0,86.0,86.0,86.0,64.0,0.0,23255.81395,0.0,0.0,0.0,0.0,225.0
80.0,0.0,0.0,0.0,0.0,0.0,0.0,86.0,86.0,86.0,86.0,64.0,0.0,23255.81395,0.0,0.0,0.0,0.0,225.0
80.0,340.0,935.0,340.0,113.3333333,935.0,233.75,27051.0,13525.5,26781.0,270.0,104.0,136.0,101.382177,113.3333333,233.75,340.0,935.0,26883.0
80.0,400.0,935.0,400.0,133.3333333,935.0,233.75,34505.0,17252.5,34222.0,283.0,104.0,136.0,83.56545961,133.3333333,233.75,400.0,935.0,26883.0
80.0,348.0,935.0,348.0,116.0,935.0,233.75,30979.0,15489.5,30692.0,287.0,104.0,136.0,88.4538271,116.0,233.75,348.0,935.0,26883.0
80.0,315.0,935.0,315.0,105.0,935.0,233.75,4603.0,2301.5,4270.0,333.0,104.0,136.0,602.4096386,105.0,233.75,315.0,935.0,26883.0
80.0,368.0,935.0,368.0,122.6666667,935.0,233.75,3232.0,1616.0,2939.0,293.0,104.0,136.0,310.75201989999994,122.6666667,233.75,368.0,935.0,26883.0
80.0,360.0,935.0,360.0,120.0,935.0,233.75,8559.0,4279.5,8287.0,272.0,104.0,136.0,329.1278113,120.0,233.75,360.0,935.0,26883.0
80.0,301.0,935.0,301.0,100.3333333,935.0,233.75,4483.0,2241.5,4197.0,286.0,104.0,136.0,300.3003003,100.3333333,233.75,301.0,935.0,26883.0
80.0,415.0,935.0,415.0,138.33333330000002,935.0,233.75,11469.0,5734.5,10144.0,1325.0,104.0,136.0,55.66792229,138.33333330000002,233.75,415.0,935.0,26883.0
80.0,320.0,935.0,320.0,106.6666667,935.0,233.75,12305.0,6152.5,12011.0,294.0,104.0,136.0,64.77243285,106.6666667,233.75,320.0,935.0,26883.0
80.0,345.0,935.0,345.0,115.0,935.0,233.75,41472.0,20736.0,40181.0,1291.0,104.0,136.0,42.35971873,115.0,233.75,345.0,935.0,26883.0
80.0,975.0,935.0,325.0,195.0,935.0,233.75,437520.0,109380.0,211957.0,1710.0,168.0,136.0,11.32844096,195.0,233.75,975.0,935.0,26883.0
80.0,347.0,935.0,347.0,115.6666667,935.0,233.75,15140.0,7570.0,14766.0,374.0,104.0,136.0,89.0974429,115.6666667,233.75,347.0,935.0,26883.0
80.0,327.0,935.0,327.0,109.0,935.0,233.75,2376.0,1188.0,2212.0,164.0,104.0,136.0,72.90223809999998,109.0,233.75,327.0,935.0,26883.0
80.0,319.0,935.0,319.0,106.3333333,935.0,233.75,15967.0,7983.5,15717.0,250.0,104.0,136.0,113.6751165,106.3333333,233.75,319.0,935.0,26883.0
80.0,368.0,935.0,368.0,122.6666667,935.0,233.75,28190.0,14095.0,27946.0,244.0,104.0,136.0,102.1902783,122.6666667,233.75,368.0,935.0,26883.0
80.0,366.0,935.0,366.0,122.0,935.0,233.75,42393.0,21196.5,42159.0,234.0,104.0,136.0,61.98603248,122.0,233.75,366.0,935.0,26883.0
80.0,356.0,935.0,356.0,118.6666667,935.0,233.75,27033.0,13516.5,26701.0,332.0,104.0,136.0,62.90626966,118.6666667,233.75,356.0,935.0,26883.0
80.0,371.0,935.0,371.0,123.6666667,935.0,233.75,43012.0,21506.0,42743.0,269.0,104.0,136.0,66.28662336,123.6666667,233.75,371.0,935.0,26883.0
80.0,353.0,935.0,353.0,117.6666667,935.0,233.75,22498.0,11249.0,22159.0,339.0,104.0,136.0,79.8509449,117.6666667,233.75,353.0,935.0,26883.0
80.0,289.0,935.0,289.0,96.33333333,935.0,233.75,25970.0,12985.0,25650.0,320.0,104.0,136.0,63.90048564,96.33333333,233.75,289.0,935.0,26883.0
80.0,0.0,0.0,0.0,0.0,0.0,0.0,51.0,51.0,51.0,51.0,64.0,0.0,39215.68627,0.0,0.0,0.0,0.0,225.0
80.0,355.0,935.0,355.0,118.3333333,935.0,233.75,10074.0,5037.0,5384.0,4690.0,104.0,136.0,60.76318561,118.3333333,233.75,355.0,935.0,26883.0
80.0,346.0,935.0,346.0,115.3333333,935.0,233.75,23410.0,11705.0,14547.0,8863.0,104.0,136.0,45.20455059,115.3333333,233.75,346.0,935.0,26883.0
80.0,0.0,0.0,0.0,0.0,0.0,0.0,98.0,98.0,98.0,98.0,64.0,0.0,20408.16327,0.0,0.0,0.0,0.0,225.0
80.0,335.0,935.0,335.0,111.6666667,935.0,233.75,26778.0,13389.0,26449.0,329.0,104.0,136.0,67.15014773,111.6666667,233.75,335.0,935.0,26883.0
80.0,286.0,935.0,286.0,95.33333333,935.0,233.75,11861.0,5930.5,8925.0,2936.0,104.0,136.0,57.51644012,95.33333333,233.75,286.0,935.0,26883.0
80.0,379.0,935.0,379.0,126.3333333,935.0,233.75,12010.0,6005.0,11273.0,737.0,104.0,136.0,57.9698943,126.3333333,233.75,379.0,935.0,26883.0
80.0,354.0,935.0,354.0,118.0,935.0,233.75,6733.0,3366.5,5354.0,1379.0,104.0,136.0,62.34673095,118.0,233.75,354.0,935.0,26883.0
80.0,338.0,935.0,338.0,112.6666667,935.0,233.75,28510.0,14255.0,28256.0,254.0,104.0,136.0,73.70101953,112.6666667,233.75,338.0,935.0,26883.0
80.0,0.0,0.0,0.0,0.0,0.0,0.0,86.0,86.0,86.0,86.0,64.0,0.0,23255.81395,0.0,0.0,0.0,0.0,225.0
80.0,369.0,935.0,369.0,123.0,935.0,233.75,55752.0,27876.0,55422.0,330.0,104.0,136.0,35.24974444,123.0,233.75,369.0,935.0,26883.0
80.0,313.0,935.0,313.0,104.3333333,935.0,233.75,27859.0,13929.5,27574.0,285.0,104.0,136.0,104.9244544,104.3333333,233.75,313.0,935.0,26883.0
80.0,0.0,0.0,0.0,0.0,0.0,0.0,101.0,101.0,101.0,101.0,64.0,0.0,19801.9802,0.0,0.0,0.0,0.0,225.0
80.0,320.0,935.0,320.0,80.0,935.0,233.75,1030928.0,343642.6667,1025035.0,1145.0,144.0,136.0,3.711718266,80.0,233.75,320.0,935.0,26883.0
80.0,385.0,935.0,385.0,128.3333333,935.0,233.75,27994.0,13997.0,27641.0,353.0,104.0,136.0,92.48697475,128.3333333,233.75,385.0,935.0,26883.0
80.0,376.0,935.0,376.0,75.2,935.0,311.6666667,22929.0,5732.25,14834.0,341.0,168.0,104.0,218.0644599,75.2,311.6666667,376.0,935.0,26883.0
80.0,0.0,0.0,0.0,0.0,0.0,0.0,98.0,98.0,98.0,98.0,64.0,0.0,20408.16327,0.0,0.0,0.0,0.0,225.0
80.0,363.0,935.0,363.0,121.0,935.0,233.75,38153.0,19076.5,37884.0,269.0,104.0,136.0,77.85130401,121.0,233.75,363.0,935.0,26883.0
80.0,351.0,935.0,351.0,117.0,935.0,233.75,15123.0,7561.5,14818.0,305.0,104.0,136.0,81.65931733,117.0,233.75,351.0,935.0,26883.0
80.0,304.0,935.0,304.0,101.3333333,935.0,233.75,44277.0,22138.5,44031.0,246.0,104.0,136.0,63.46251481,101.3333333,233.75,304.0,935.0,26883.0
80.0,402.0,935.0,402.0,134.0,935.0,233.75,8060.0,4030.0,4222.0,3838.0,104.0,136.0,63.17252416,134.0,233.75,402.0,935.0,26883.0
80.0,300.0,935.0,300.0,100.0,935.0,233.75,39036.0,19518.0,38703.0,333.0,104.0,136.0,38.15677346,100.0,233.75,300.0,935.0,26883.0
80.0,337.0,935.0,337.0,112.3333333,935.0,233.75,7174.0,3587.0,6551.0,623.0,104.0,136.0,63.22977701,112.3333333,233.75,337.0,935.0,26883.0
80.0,338.0,935.0,338.0,112.6666667,935.0,233.75,29662.0,14831.0,29387.0,275.0,104.0,136.0,94.39008275,112.6666667,233.75,338.0,935.0,26883.0
80.0,346.0,935.0,346.0,115.3333333,935.0,233.75,15497.0,7748.5,15243.0,254.0,104.0,136.0,110.733796,115.3333333,233.75,346.0,935.0,26883.0
80.0,722.0,935.0,361.0,180.5,935.0,233.75,207839.0,69279.66667,204189.0,989.0,136.0,136.0,16.83721361,180.5,233.75,722.0,935.0,26883.0
80.0,305.0,935.0,305.0,101.6666667,935.0,233.75,25963.0,12981.5,25668.0,295.0,104.0,136.0,111.8860254,101.6666667,233.75,305.0,935.0,26883.0
80.0,323.0,935.0,323.0,107.6666667,935.0,233.75,24350.0,12175.0,24064.0,286.0,104.0,136.0,112.0155328,107.6666667,233.75,323.0,935.0,26883.0
80.0,332.0,935.0,332.0,110.6666667,935.0,233.75,11910.0,5955.0,10987.0,923.0,104.0,136.0,52.47507434,110.6666667,233.75,332.0,935.0,26883.0
80.0,349.0,935.0,349.0,116.3333333,935.0,233.75,36243.0,18121.5,35950.0,293.0,104.0,136.0,78.88509072,116.3333333,233.75,349.0,935.0,26883.0
80.0,340.0,935.0,340.0,113.3333333,935.0,233.75,12277.0,6138.5,12038.0,239.0,104.0,136.0,230.4324449,113.3333333,233.75,340.0,935.0,26883.0
80.0,366.0,935.0,366.0,122.0,935.0,233.75,7127.0,3563.5,6271.0,856.0,104.0,136.0,63.94543323,122.0,233.75,366.0,935.0,26883.0
80.0,360.0,935.0,360.0,120.0,935.0,233.75,6237.0,3118.5,5900.0,337.0,104.0,136.0,285.225328,120.0,233.75,360.0,935.0,26883.0
80.0,317.0,935.0,317.0,105.6666667,935.0,233.75,31173.0,15586.5,30891.0,282.0,104.0,136.0,55.00045834,105.6666667,233.75,317.0,935.0,26883.0
80.0,363.0,935.0,363.0,121.0,935.0,233.75,7150.0,3575.0,6903.0,247.0,104.0,136.0,299.8201079,121.0,233.75,363.0,935.0,26883.0
80.0,396.0,935.0,396.0,132.0,935.0,233.75,30061.0,15030.5,29739.0,322.0,104.0,136.0,87.97395971,132.0,233.75,396.0,935.0,26883.0
80.0,372.0,935.0,372.0,124.0,935.0,233.75,24627.0,12313.5,24358.0,269.0,104.0,136.0,117.0183719,124.0,233.75,372.0,935.0,26883.0
80.0,353.0,935.0,353.0,117.6666667,935.0,233.75,15778.0,7889.0,15392.0,386.0,104.0,136.0,106.3716626,117.6666667,233.75,353.0,935.0,26883.0
80.0,369.0,935.0,369.0,123.0,935.0,233.75,15303.0,7651.5,10629.0,4674.0,104.0,136.0,52.94834007,123.0,233.75,369.0,935.0,26883.0
80.0,371.0,935.0,371.0,123.6666667,935.0,233.75,25346.0,12673.0,25090.0,256.0,104.0,136.0,106.7425725,123.6666667,233.75,371.0,935.0,26883.0
80.0,355.0,935.0,355.0,118.3333333,935.0,233.75,5107.0,2553.5,4870.0,237.0,104.0,136.0,249.5425054,118.3333333,233.75,355.0,935.0,26883.0
80.0,0.0,0.0,0.0,0.0,0.0,0.0,82.0,82.0,82.0,82.0,64.0,0.0,24390.2439,0.0,0.0,0.0,0.0,225.0
80.0,415.0,935.0,415.0,138.33333330000002,935.0,233.75,21006.0,10503.0,20668.0,338.0,104.0,136.0,73.64131769,138.33333330000002,233.75,415.0,935.0,26883.0
80.0,302.0,935.0,302.0,100.6666667,935.0,233.75,48070.0,24035.0,47840.0,230.0,104.0,136.0,39.88460056,100.6666667,233.75,302.0,935.0,26883.0
80.0,348.0,935.0,348.0,87.0,935.0,233.75,1032402.0,344134.0,1020017.0,2613.0,144.0,136.0,3.667699124,87.0,233.75,348.0,935.0,26883.0
80.0,357.0,935.0,357.0,119.0,935.0,233.75,5009.0,2504.5,4692.0,317.0,104.0,136.0,101.6776817,119.0,233.75,357.0,935.0,26883.0
80.0,331.0,935.0,331.0,110.3333333,935.0,233.75,5733.0,2866.5,4560.0,1173.0,104.0,136.0,57.84247566,110.3333333,233.75,331.0,935.0,26883.0
80.0,313.0,935.0,313.0,104.3333333,935.0,233.75,43929.0,21964.5,43673.0,256.0,104.0,136.0,62.16328222,104.3333333,233.75,313.0,935.0,26883.0
80.0,0.0,0.0,0.0,0.0,0.0,0.0,68.0,68.0,68.0,68.0,64.0,0.0,29411.764710000003,0.0,0.0,0.0,0.0,225.0
80.0,0.0,0.0,0.0,0.0,0.0,0.0,109.0,109.0,109.0,109.0,64.0,0.0,18348.62385,0.0,0.0,0.0,0.0,225.0
80.0,342.0,935.0,342.0,114.0,935.0,233.75,26235.0,13117.5,25955.0,280.0,104.0,136.0,103.6484245,114.0,233.75,342.0,935.0,26883.0
80.0,332.0,935.0,332.0,110.6666667,935.0,233.75,7869.0,3934.5,7600.0,269.0,104.0,136.0,361.6636528,110.6666667,233.75,332.0,935.0,26883.0
80.0,347.0,935.0,347.0,115.6666667,935.0,233.75,629.0,314.5,601.0,28.0,104.0,136.0,343.4065934,115.6666667,233.75,347.0,935.0,26883.0
80.0,409.0,935.0,409.0,136.33333330000002,935.0,233.75,33887.0,16943.5,33519.0,368.0,104.0,136.0,82.63324611,136.33333330000002,233.75,409.0,935.0,26883.0
80.0,385.0,935.0,385.0,128.3333333,935.0,233.75,13843.0,6921.5,13370.0,473.0,104.0,136.0,90.98077273,128.3333333,233.75,385.0,935.0,26883.0
80.0,0.0,0.0,0.0,0.0,0.0,0.0,54.0,54.0,54.0,54.0,64.0,0.0,37037.03704,0.0,0.0,0.0,0.0,225.0
80.0,395.0,935.0,395.0,131.6666667,935.0,233.75,36148.0,18074.0,35892.0,256.0,104.0,136.0,47.20023915,131.6666667,233.75,395.0,935.0,26883.0
80.0,306.0,935.0,306.0,102.0,935.0,233.75,6582.0,3291.0,6335.0,247.0,104.0,136.0,221.9755827,102.0,233.75,306.0,935.0,26883.0
80.0,297.0,935.0,297.0,99.0,935.0,233.75,27508.0,13754.0,27223.0,285.0,104.0,136.0,97.25734293,99.0,233.75,297.0,935.0,26883.0
80.0,305.0,935.0,305.0,101.6666667,935.0,233.75,19477.0,9738.5,19146.0,331.0,104.0,136.0,77.77460918,101.6666667,233.75,305.0,935.0,26883.0
80.0,359.0,935.0,359.0,119.6666667,935.0,233.75,8793.0,4396.5,4593.0,4200.0,104.0,136.0,55.82018458,119.6666667,233.75,359.0,935.0,26883.0
80.0,328.0,935.0,328.0,109.3333333,935.0,233.75,21035.0,10517.5,20616.0,419.0,104.0,136.0,76.29704985,109.3333333,233.75,328.0,935.0,26883.0
80.0,379.0,935.0,379.0,126.3333333,935.0,233.75,74789.0,37394.5,74564.0,225.0,104.0,136.0,35.58718861,126.3333333,233.75,379.0,935.0,26883.0
80.0,0.0,0.0,0.0,0.0,0.0,0.0,88.0,88.0,88.0,88.0,64.0,0.0,22727.27273,0.0,0.0,0.0,0.0,225.0
80.0,348.0,935.0,348.0,116.0,935.0,233.75,7875.0,3937.5,5943.0,1932.0,104.0,136.0,60.15037594,116.0,233.75,348.0,935.0,26883.0
80.0,297.0,935.0,297.0,99.0,935.0,233.75,6240.0,3120.0,5992.0,248.0,104.0,136.0,95.52314844,99.0,233.75,297.0,935.0,26883.0
80.0,378.0,935.0,378.0,126.0,935.0,233.75,12661.0,6330.5,12389.0,272.0,104.0,136.0,107.211779,126.0,233.75,378.0,935.0,26883.0
80.0,369.0,935.0,369.0,123.0,935.0,233.75,15960.0,7980.0,15630.0,330.0,104.0,136.0,109.8177026,123.0,233.75,369.0,935.0,26883.0
80.0,371.0,935.0,371.0,123.6666667,935.0,233.75,1433.0,716.5,1165.0,268.0,104.0,136.0,593.5892362000002,123.6666667,233.75,371.0,935.0,26883.0
80.0,343.0,935.0,343.0,114.3333333,935.0,233.75,16685.0,8342.5,16379.0,306.0,104.0,136.0,131.13607549999998,114.3333333,233.75,343.0,935.0,26883.0
80.0,321.0,935.0,321.0,107.0,935.0,233.75,12445.0,6222.5,11164.0,1281.0,104.0,136.0,76.09384908,107.0,233.75,321.0,935.0,26883.0
80.0,369.0,935.0,369.0,123.0,935.0,233.75,9601.0,4800.5,9330.0,271.0,104.0,136.0,163.621489,123.0,233.75,369.0,935.0,26883.0
80.0,400.0,935.0,400.0,133.3333333,935.0,233.75,7162.0,3581.0,3701.0,3461.0,104.0,136.0,59.42241413,133.3333333,233.75,400.0,935.0,26883.0
80.0,326.0,935.0,326.0,108.6666667,935.0,233.75,1110.0,555.0,780.0,330.0,104.0,136.0,1781.472684,108.6666667,233.75,326.0,935.0,26883.0
80.0,353.0,935.0,353.0,117.6666667,935.0,233.75,29506.0,14753.0,29220.0,286.0,104.0,136.0,94.61036299,117.6666667,233.75,353.0,935.0,26883.0
80.0,342.0,935.0,342.0,114.0,935.0,233.75,11274.0,5637.0,9620.0,1654.0,104.0,136.0,87.09536943,114.0,233.75,342.0,935.0,26883.0
80.0,315.0,935.0,315.0,105.0,935.0,233.75,1821.0,910.5,1429.0,392.0,104.0,136.0,110.02714,105.0,233.75,315.0,935.0,26883.0
80.0,0.0,0.0,0.0,0.0,0.0,0.0,63.0,63.0,63.0,63.0,64.0,0.0,31746.03175,0.0,0.0,0.0,0.0,225.0
80.0,414.0,935.0,414.0,138.0,935.0,233.75,20774.0,10387.0,20472.0,302.0,104.0,136.0,128.63390790000003,138.0,233.75,414.0,935.0,26883.0
80.0,365.0,935.0,365.0,121.6666667,935.0,233.75,11809.0,5904.5,11452.0,357.0,104.0,136.0,86.85330477,121.6666667,233.75,365.0,935.0,26883.0
80.0,413.0,935.0,413.0,137.66666669999998,935.0,233.75,1467.0,733.5,1210.0,257.0,104.0,136.0,91.09680554,137.66666669999998,233.75,413.0,935.0,26883.0
80.0,338.0,935.0,338.0,112.6666667,935.0,233.75,6952.0,3476.0,3578.0,3374.0,104.0,136.0,57.49990417,112.6666667,233.75,338.0,935.0,26883.0
80.0,321.0,935.0,321.0,107.0,935.0,233.75,24278.0,12139.0,24005.0,273.0,104.0,136.0,115.4290112,107.0,233.75,321.0,935.0,26883.0
80.0,352.0,935.0,352.0,70.4,935.0,311.6666667,53007.0,13251.75,47132.0,745.0,168.0,104.0,94.32716434,70.4,311.6666667,352.0,935.0,26883.0
80.0,394.0,935.0,394.0,131.3333333,935.0,233.75,28485.0,14242.5,28178.0,307.0,104.0,136.0,62.63048017,131.3333333,233.75,394.0,935.0,26883.0
80.0,354.0,935.0,354.0,118.0,935.0,233.75,17455.0,8727.5,17064.0,391.0,104.0,136.0,84.6286214,118.0,233.75,354.0,935.0,26883.0
80.0,373.0,935.0,373.0,124.3333333,935.0,233.75,11827.0,5913.5,9660.0,2167.0,104.0,136.0,51.75269114,124.3333333,233.75,373.0,935.0,26883.0
80.0,0.0,0.0,0.0,0.0,0.0,0.0,17.0,17.0,17.0,17.0,64.0,0.0,117647.0588,0.0,0.0,0.0,0.0,225.0
80.0,398.0,935.0,398.0,132.6666667,935.0,233.75,30960.0,15480.0,30695.0,265.0,104.0,136.0,64.23157624,132.6666667,233.75,398.0,935.0,26883.0
80.0,364.0,935.0,364.0,121.3333333,935.0,233.75,7011.0,3505.5,6171.0,840.0,104.0,136.0,63.81620932,121.3333333,233.75,364.0,935.0,26883.0
80.0,372.0,935.0,372.0,124.0,935.0,233.75,55101.0,27550.5,54841.0,260.0,104.0,136.0,43.67638709,124.0,233.75,372.0,935.0,26883.0
80.0,320.0,935.0,320.0,106.6666667,935.0,233.75,986.0,493.0,632.0,354.0,104.0,136.0,314.300681,106.6666667,233.75,320.0,935.0,26883.0
80.0,307.0,935.0,307.0,102.3333333,935.0,233.75,69595.0,34797.5,69262.0,333.0,104.0,136.0,27.85360147,102.3333333,233.75,307.0,935.0,26883.0
80.0,308.0,935.0,308.0,102.6666667,935.0,233.75,1751.0,875.5,1475.0,276.0,104.0,136.0,259.1792657,102.6666667,233.75,308.0,935.0,26883.0
80.0,417.0,935.0,417.0,139.0,935.0,233.75,12126.0,6063.0,11397.0,729.0,104.0,136.0,57.64574767,139.0,233.75,417.0,935.0,26883.0
80.0,366.0,935.0,366.0,122.0,935.0,233.75,3783.0,1891.5,2127.0,1656.0,104.0,136.0,65.10416667,122.0,233.75,366.0,935.0,26883.0
80.0,369.0,935.0,369.0,123.0,935.0,233.75,3569.0,1784.5,3286.0,283.0,104.0,136.0,192.777278,123.0,233.75,369.0,935.0,26883.0
80.0,402.0,935.0,402.0,134.0,935.0,233.75,4830.0,2415.0,4580.0,250.0,104.0,136.0,146.4343242,134.0,233.75,402.0,935.0,26883.0
80.0,349.0,935.0,349.0,116.3333333,935.0,233.75,47428.0,23714.0,47104.0,324.0,104.0,136.0,39.2367151,116.3333333,233.75,349.0,935.0,26883.0
80.0,339.0,935.0,339.0,113.0,935.0,233.75,8207.0,4103.5,4570.0,3637.0,104.0,136.0,60.30029547,113.0,233.75,339.0,935.0,26883.0
80.0,413.0,935.0,413.0,137.66666669999998,935.0,233.75,8887.0,4443.5,8637.0,250.0,104.0,136.0,190.9611712,137.66666669999998,233.75,413.0,935.0,26883.0
80.0,308.0,935.0,308.0,102.6666667,935.0,233.75,9968.0,4984.0,9611.0,357.0,104.0,136.0,161.6814875,102.6666667,233.75,308.0,935.0,26883.0
80.0,0.0,0.0,0.0,0.0,0.0,0.0,112.0,112.0,112.0,112.0,64.0,0.0,17857.14286,0.0,0.0,0.0,0.0,225.0
80.0,288.0,935.0,288.0,96.0,935.0,233.75,8326.0,4163.0,8040.0,286.0,104.0,136.0,72.57420713,96.0,233.75,288.0,935.0,26883.0
80.0,350.0,935.0,350.0,116.6666667,935.0,233.75,25727.0,12863.5,25466.0,261.0,104.0,136.0,47.72814051,116.6666667,233.75,350.0,935.0,26883.0
80.0,374.0,935.0,374.0,124.6666667,935.0,233.75,27264.0,13632.0,26996.0,268.0,104.0,136.0,61.99628022,124.6666667,233.75,374.0,935.0,26883.0
80.0,0.0,0.0,0.0,0.0,0.0,0.0,102.0,102.0,102.0,102.0,64.0,0.0,19607.84314,0.0,0.0,0.0,0.0,225.0
80.0,0.0,0.0,0.0,0.0,0.0,0.0,17.0,17.0,17.0,17.0,64.0,0.0,117647.0588,0.0,0.0,0.0,0.0,225.0
80.0,359.0,935.0,359.0,119.6666667,935.0,233.75,9757.0,4878.5,9464.0,293.0,104.0,136.0,141.356076,119.6666667,233.75,359.0,935.0,26883.0
80.0,356.0,935.0,356.0,118.6666667,935.0,233.75,5866.0,2933.0,3549.0,2317.0,104.0,136.0,70.91863269,118.6666667,233.75,356.0,935.0,26883.0
80.0,299.0,935.0,299.0,99.66666667,935.0,233.75,18893.0,9446.5,18594.0,299.0,104.0,136.0,89.60038229,99.66666667,233.75,299.0,935.0,26883.0
80.0,328.0,935.0,328.0,109.3333333,935.0,233.75,37069.0,18534.5,36753.0,316.0,104.0,136.0,77.99095305,109.3333333,233.75,328.0,935.0,26883.0
80.0,0.0,0.0,0.0,0.0,0.0,0.0,91.0,91.0,91.0,91.0,64.0,0.0,21978.02198,0.0,0.0,0.0,0.0,225.0
80.0,308.0,935.0,308.0,102.6666667,935.0,233.75,37363.0,18681.5,37100.0,263.0,104.0,136.0,78.78771962,102.6666667,233.75,308.0,935.0,26883.0
80.0,323.0,935.0,323.0,107.6666667,935.0,233.75,9323.0,4661.5,9087.0,236.0,104.0,136.0,289.82706980000006,107.6666667,233.75,323.0,935.0,26883.0
80.0,338.0,935.0,338.0,112.6666667,935.0,233.75,26671.0,13335.5,26327.0,344.0,104.0,136.0,108.7468735,112.6666667,233.75,338.0,935.0,26883.0
80.0,410.0,935.0,410.0,136.66666669999998,935.0,233.75,24449.0,12224.5,24155.0,294.0,104.0,136.0,111.3957892,136.66666669999998,233.75,410.0,935.0,26883.0
80.0,379.0,935.0,379.0,126.3333333,935.0,233.75,22058.0,11029.0,21784.0,274.0,104.0,136.0,64.60783047,126.3333333,233.75,379.0,935.0,26883.0
80.0,292.0,935.0,292.0,97.33333333,935.0,233.75,29138.0,14569.0,28875.0,263.0,104.0,136.0,100.8301684,97.33333333,233.75,292.0,935.0,26883.0
80.0,346.0,935.0,346.0,115.3333333,935.0,233.75,8728.0,4364.0,8440.0,288.0,104.0,136.0,235.1834431,115.3333333,233.75,346.0,935.0,26883.0
80.0,0.0,0.0,0.0,0.0,0.0,0.0,104.0,104.0,104.0,104.0,64.0,0.0,19230.76923,0.0,0.0,0.0,0.0,225.0
80.0,369.0,935.0,369.0,123.0,935.0,233.75,2017.0,1008.5,1748.0,269.0,104.0,136.0,202.9358046,123.0,233.75,369.0,935.0,26883.0
80.0,349.0,935.0,349.0,116.3333333,935.0,233.75,7136.0,3568.0,3909.0,3227.0,104.0,136.0,58.20044232,116.3333333,233.75,349.0,935.0,26883.0
80.0,370.0,935.0,370.0,123.3333333,935.0,233.75,12568.0,6284.0,9265.0,3303.0,104.0,136.0,58.15756824,123.3333333,233.75,370.0,935.0,26883.0
80.0,0.0,0.0,0.0,0.0,0.0,0.0,46.0,46.0,46.0,46.0,64.0,0.0,43478.26087,0.0,0.0,0.0,0.0,225.0
80.0,0.0,0.0,0.0,0.0,0.0,0.0,115.0,115.0,115.0,115.0,64.0,0.0,17391.30435,0.0,0.0,0.0,0.0,225.0
80.0,373.0,935.0,373.0,124.3333333,935.0,233.75,11838.0,5919.0,10342.0,1496.0,104.0,136.0,54.29864253,124.3333333,233.75,373.0,935.0,26883.0
80.0,340.0,935.0,340.0,113.3333333,935.0,233.75,5289.0,2644.5,4978.0,311.0,104.0,136.0,212.7508687,113.3333333,233.75,340.0,935.0,26883.0
80.0,0.0,0.0,0.0,0.0,0.0,0.0,93.0,93.0,93.0,93.0,64.0,0.0,21505.37634,0.0,0.0,0.0,0.0,225.0
80.0,351.0,935.0,351.0,117.0,935.0,233.75,7715.0,3857.5,4242.0,3473.0,104.0,136.0,67.00616457,117.0,233.75,351.0,935.0,26883.0
80.0,366.0,935.0,366.0,122.0,935.0,233.75,25776.0,12888.0,25492.0,284.0,104.0,136.0,77.09902084,122.0,233.75,366.0,935.0,26883.0
80.0,379.0,935.0,379.0,126.3333333,935.0,233.75,23639.0,11819.5,14530.0,9109.0,104.0,136.0,45.26730343,126.3333333,233.75,379.0,935.0,26883.0
80.0,307.0,935.0,307.0,102.3333333,935.0,233.75,35063.0,17531.5,34806.0,257.0,104.0,136.0,78.61841243,102.3333333,233.75,307.0,935.0,26883.0
80.0,322.0,935.0,322.0,107.3333333,935.0,233.75,18005.0,9002.5,17761.0,244.0,104.0,136.0,106.228533,107.3333333,233.75,322.0,935.0,26883.0
80.0,382.0,935.0,382.0,127.3333333,935.0,233.75,14416.0,7208.0,14092.0,324.0,104.0,136.0,100.050025,127.3333333,233.75,382.0,935.0,26883.0
80.0,326.0,935.0,326.0,108.6666667,935.0,233.75,7100.0,3550.0,6835.0,265.0,104.0,136.0,181.367511,108.6666667,233.75,326.0,935.0,26883.0
80.0,359.0,935.0,359.0,119.6666667,935.0,233.75,35720.0,17860.0,35425.0,295.0,104.0,136.0,82.65829063,119.6666667,233.75,359.0,935.0,26883.0
80.0,353.0,935.0,353.0,117.6666667,935.0,233.75,14716.0,7358.0,14419.0,297.0,104.0,136.0,194.024059,117.6666667,233.75,353.0,935.0,26883.0
80.0,360.0,935.0,360.0,120.0,935.0,233.75,21110.0,10555.0,20852.0,258.0,104.0,136.0,123.45679009999998,120.0,233.75,360.0,935.0,26883.0
80.0,323.0,935.0,323.0,107.6666667,935.0,233.75,20945.0,10472.5,20625.0,320.0,104.0,136.0,59.3730209,107.6666667,233.75,323.0,935.0,26883.0
80.0,366.0,935.0,366.0,122.0,935.0,233.75,11477.0,5738.5,8945.0,2532.0,104.0,136.0,53.70473139,122.0,233.75,366.0,935.0,26883.0
80.0,288.0,935.0,288.0,96.0,935.0,233.75,34837.0,17418.5,34572.0,265.0,104.0,136.0,83.35185597,96.0,233.75,288.0,935.0,26883.0
80.0,301.0,935.0,301.0,100.3333333,935.0,233.75,32180.0,16090.0,31870.0,310.0,104.0,136.0,49.68779502,100.3333333,233.75,301.0,935.0,26883.0
80.0,317.0,935.0,317.0,105.6666667,935.0,233.75,5412.0,2706.0,5136.0,276.0,104.0,136.0,299.2220227,105.6666667,233.75,317.0,935.0,26883.0
80.0,302.0,935.0,302.0,100.6666667,935.0,233.75,17775.0,8887.5,17505.0,270.0,104.0,136.0,128.5181853,100.6666667,233.75,302.0,935.0,26883.0
80.0,0.0,0.0,0.0,0.0,0.0,0.0,38.0,38.0,38.0,38.0,64.0,0.0,52631.57895,0.0,0.0,0.0,0.0,225.0
80.0,0.0,0.0,0.0,0.0,0.0,0.0,103.0,103.0,103.0,103.0,64.0,0.0,19417.47573,0.0,0.0,0.0,0.0,225.0
80.0,377.0,935.0,377.0,75.4,935.0,311.6666667,24926.0,6231.5,12519.0,263.0,168.0,104.0,200.5937575,75.4,311.6666667,377.0,935.0,26883.0
80.0,303.0,935.0,303.0,101.0,935.0,233.75,31875.0,15937.5,31517.0,358.0,104.0,136.0,90.88430428,101.0,233.75,303.0,935.0,26883.0
80.0,329.0,935.0,329.0,109.6666667,935.0,233.75,12784.0,6392.0,10231.0,2553.0,104.0,136.0,51.16310799,109.6666667,233.75,329.0,935.0,26883.0
80.0,333.0,935.0,333.0,111.0,935.0,233.75,31137.0,15568.5,30868.0,269.0,104.0,136.0,85.24906936,111.0,233.75,333.0,935.0,26883.0
80.0,0.0,0.0,0.0,0.0,0.0,0.0,110.0,110.0,110.0,110.0,64.0,0.0,18181.81818,0.0,0.0,0.0,0.0,225.0
80.0,357.0,935.0,357.0,119.0,935.0,233.75,7806.0,3903.0,7444.0,362.0,104.0,136.0,218.6270223,119.0,233.75,357.0,935.0,26883.0
80.0,0.0,0.0,0.0,0.0,0.0,0.0,72.0,72.0,72.0,72.0,64.0,0.0,27777.77778,0.0,0.0,0.0,0.0,225.0
80.0,393.0,935.0,393.0,131.0,935.0,233.75,23591.0,11795.5,23324.0,267.0,104.0,136.0,122.819946,131.0,233.75,393.0,935.0,26883.0
80.0,345.0,935.0,345.0,115.0,935.0,233.75,542.0,271.0,271.0,271.0,104.0,136.0,292.997363,115.0,233.75,345.0,935.0,26883.0
80.0,292.0,935.0,292.0,97.33333333,935.0,233.75,27540.0,13770.0,27163.0,377.0,104.0,136.0,102.7678816,97.33333333,233.75,292.0,935.0,26883.0
80.0,363.0,935.0,363.0,121.0,935.0,233.75,26398.0,13199.0,26165.0,233.0,104.0,136.0,107.6851287,121.0,233.75,363.0,935.0,26883.0
80.0,311.0,935.0,311.0,103.6666667,935.0,233.75,24510.0,12255.0,24109.0,401.0,104.0,136.0,104.7486034,103.6666667,233.75,311.0,935.0,26883.0
80.0,319.0,935.0,319.0,106.3333333,935.0,233.75,23919.0,11959.5,23666.0,253.0,104.0,136.0,56.78806693,106.3333333,233.75,319.0,935.0,26883.0
80.0,351.0,935.0,351.0,117.0,935.0,233.75,49476.0,24738.0,49036.0,440.0,104.0,136.0,37.77290927,117.0,233.75,351.0,935.0,26883.0
80.0,304.0,935.0,304.0,101.3333333,935.0,233.75,23830.0,11915.0,23474.0,356.0,104.0,136.0,113.0795326,101.3333333,233.75,304.0,935.0,26883.0
80.0,329.0,935.0,329.0,109.6666667,935.0,233.75,3782.0,1891.0,2130.0,1652.0,104.0,136.0,61.16956203,109.6666667,233.75,329.0,935.0,26883.0
80.0,305.0,935.0,305.0,101.6666667,935.0,233.75,12644.0,6322.0,8865.0,3779.0,104.0,136.0,45.03490205,101.6666667,233.75,305.0,935.0,26883.0
80.0,0.0,0.0,0.0,0.0,0.0,0.0,98.0,98.0,98.0,98.0,64.0,0.0,20408.16327,0.0,0.0,0.0,0.0,225.0
80.0,0.0,0.0,0.0,0.0,0.0,0.0,56.0,56.0,56.0,56.0,64.0,0.0,35714.285710000004,0.0,0.0,0.0,0.0,225.0
80.0,309.0,935.0,309.0,103.0,935.0,233.75,19116.0,9558.0,18754.0,362.0,104.0,136.0,58.05065887,103.0,233.75,309.0,935.0,26883.0
80.0,0.0,0.0,0.0,0.0,0.0,0.0,113.0,113.0,113.0,113.0,64.0,0.0,17699.11504,0.0,0.0,0.0,0.0,225.0
80.0,0.0,0.0,0.0,0.0,0.0,0.0,114.0,114.0,114.0,114.0,64.0,0.0,17543.85965,0.0,0.0,0.0,0.0,225.0
80.0,346.0,935.0,346.0,115.3333333,935.0,233.75,20366.0,10183.0,20098.0,268.0,104.0,136.0,132.3743547,115.3333333,233.75,346.0,935.0,26883.0
80.0,0.0,0.0,0.0,0.0,0.0,0.0,67.0,67.0,67.0,67.0,64.0,0.0,29850.74627,0.0,0.0,0.0,0.0,225.0
80.0,342.0,935.0,342.0,114.0,935.0,233.75,10862.0,5431.0,7292.0,3570.0,104.0,136.0,56.28517824,114.0,233.75,342.0,935.0,26883.0
80.0,413.0,935.0,413.0,137.66666669999998,935.0,233.75,9280.0,4640.0,5514.0,3766.0,104.0,136.0,61.60417266,137.66666669999998,233.75,413.0,935.0,26883.0
80.0,319.0,935.0,319.0,106.3333333,935.0,233.75,26644.0,13322.0,26365.0,279.0,104.0,136.0,80.00853424,106.3333333,233.75,319.0,935.0,26883.0
80.0,352.0,935.0,352.0,117.3333333,935.0,233.75,10386.0,5193.0,10031.0,355.0,104.0,136.0,245.8814851,117.3333333,233.75,352.0,935.0,26883.0
80.0,365.0,935.0,365.0,121.6666667,935.0,233.75,41117.0,20558.5,40811.0,306.0,104.0,136.0,71.82876024,121.6666667,233.75,365.0,935.0,26883.0
80.0,0.0,0.0,0.0,0.0,0.0,0.0,107.0,107.0,107.0,107.0,64.0,0.0,18691.58879,0.0,0.0,0.0,0.0,225.0
80.0,0.0,0.0,0.0,0.0,0.0,0.0,41.0,41.0,41.0,41.0,64.0,0.0,48780.4878,0.0,0.0,0.0,0.0,225.0
80.0,357.0,935.0,357.0,119.0,935.0,233.75,33918.0,16959.0,33536.0,382.0,104.0,136.0,83.06567726,119.0,233.75,357.0,935.0,26883.0
80.0,347.0,935.0,347.0,115.6666667,935.0,233.75,7239.0,3619.5,4708.0,2531.0,104.0,136.0,67.35972338,115.6666667,233.75,347.0,935.0,26883.0
80.0,383.0,935.0,383.0,127.6666667,935.0,233.75,15528.0,7764.0,15222.0,306.0,104.0,136.0,69.49914284,127.6666667,233.75,383.0,935.0,26883.0
80.0,0.0,0.0,0.0,0.0,0.0,0.0,42.0,42.0,42.0,42.0,64.0,0.0,47619.04762,0.0,0.0,0.0,0.0,225.0
80.0,0.0,0.0,0.0,0.0,0.0,0.0,41.0,41.0,41.0,41.0,64.0,0.0,48780.4878,0.0,0.0,0.0,0.0,225.0
80.0,350.0,935.0,350.0,116.6666667,935.0,233.75,40460.0,20230.0,40160.0,300.0,104.0,136.0,71.44217946,116.6666667,233.75,350.0,935.0,26883.0
80.0,350.0,935.0,350.0,116.6666667,935.0,233.75,10904.0,5452.0,9296.0,1608.0,104.0,136.0,70.88679379,116.6666667,233.75,350.0,935.0,26883.0
80.0,409.0,935.0,409.0,136.33333330000002,935.0,233.75,1432.0,716.0,1152.0,280.0,104.0,136.0,1413.094677,136.33333330000002,233.75,409.0,935.0,26883.0
80.0,320.0,935.0,320.0,106.6666667,935.0,233.75,37294.0,18647.0,37035.0,259.0,104.0,136.0,78.54431208,106.6666667,233.75,320.0,935.0,26883.0
80.0,366.0,935.0,366.0,122.0,935.0,233.75,17110.0,8555.0,16850.0,260.0,104.0,136.0,73.01224172,122.0,233.75,366.0,935.0,26883.0
80.0,363.0,935.0,363.0,121.0,935.0,233.75,30847.0,15423.5,28271.0,2576.0,104.0,136.0,54.91387674,121.0,233.75,363.0,935.0,26883.0
80.0,969.0,935.0,323.0,193.8,935.0,233.75,436606.0,109151.5,210871.0,2705.0,168.0,136.0,11.27629632,193.8,233.75,969.0,935.0,26883.0
80.0,361.0,935.0,361.0,120.3333333,935.0,233.75,9827.0,4913.5,6629.0,3198.0,104.0,136.0,90.67005168,120.3333333,233.75,361.0,935.0,26883.0
80.0,337.0,935.0,337.0,112.3333333,935.0,233.75,24064.0,12032.0,23822.0,242.0,104.0,136.0,94.51200302,112.3333333,233.75,337.0,935.0,26883.0
80.0,327.0,935.0,327.0,109.0,935.0,233.75,24531.0,12265.5,24273.0,258.0,104.0,136.0,113.7052759,109.0,233.75,327.0,935.0,26883.0
80.0,393.0,935.0,393.0,131.0,935.0,233.75,11632.0,5816.0,9053.0,2579.0,104.0,136.0,43.14125886,131.0,233.75,393.0,935.0,26883.0
80.0,306.0,935.0,306.0,102.0,935.0,233.75,6626.0,3313.0,3456.0,3170.0,104.0,136.0,64.54388985,102.0,233.75,306.0,935.0,26883.0
80.0,286.0,935.0,286.0,95.33333333,935.0,233.75,36764.0,18382.0,36507.0,257.0,104.0,136.0,78.76496534,95.33333333,233.75,286.0,935.0,26883.0
80.0,348.0,935.0,348.0,116.0,935.0,233.75,17367.0,8683.5,17078.0,289.0,104.0,136.0,94.02620197,116.0,233.75,348.0,935.0,26883.0
80.0,303.0,935.0,303.0,101.0,935.0,233.75,8169.0,4084.5,4473.0,3696.0,104.0,136.0,60.78904176,101.0,233.75,303.0,935.0,26883.0
80.0,353.0,935.0,353.0,117.6666667,935.0,233.75,34821.0,17410.5,34552.0,269.0,104.0,136.0,51.26715313,117.6666667,233.75,353.0,935.0,26883.0
80.0,380.0,935.0,380.0,126.6666667,935.0,233.75,28471.0,14235.5,27908.0,563.0,104.0,136.0,80.90178523,126.6666667,233.75,380.0,935.0,26883.0
80.0,353.0,935.0,353.0,117.6666667,935.0,233.75,20519.0,10259.5,20230.0,289.0,104.0,136.0,86.73277632,117.6666667,233.75,353.0,935.0,26883.0
80.0,0.0,0.0,0.0,0.0,0.0,0.0,21.0,21.0,21.0,21.0,64.0,0.0,95238.09524,0.0,0.0,0.0,0.0,225.0
80.0,322.0,935.0,322.0,107.3333333,935.0,233.75,7336.0,3668.0,7011.0,325.0,104.0,136.0,122.2543706,107.3333333,233.75,322.0,935.0,26883.0
80.0,315.0,935.0,315.0,105.0,935.0,233.75,6618.0,3309.0,4102.0,2516.0,104.0,136.0,60.87662338,105.0,233.75,315.0,935.0,26883.0
80.0,313.0,935.0,313.0,104.3333333,935.0,233.75,44025.0,22012.5,43713.0,312.0,104.0,136.0,63.89640263,104.3333333,233.75,313.0,935.0,26883.0
80.0,0.0,0.0,0.0,0.0,0.0,0.0,99.0,99.0,99.0,99.0,64.0,0.0,20202.0202,0.0,0.0,0.0,0.0,225.0
80.0,318.0,935.0,318.0,106.0,935.0,233.75,26822.0,13411.0,22892.0,3930.0,104.0,136.0,69.69774412,106.0,233.75,318.0,935.0,26883.0
80.0,0.0,0.0,0.0,0.0,0.0,0.0,97.0,97.0,97.0,97.0,64.0,0.0,20618.5567,0.0,0.0,0.0,0.0,225.0
80.0,407.0,935.0,407.0,135.66666669999998,935.0,233.75,8882.0,4441.0,8642.0,240.0,104.0,136.0,158.6294416,135.66666669999998,233.75,407.0,935.0,26883.0
80.0,314.0,935.0,314.0,104.6666667,935.0,233.75,9052.0,4526.0,4572.0,4480.0,104.0,136.0,179.0296592,104.6666667,233.75,314.0,935.0,26883.0
80.0,339.0,935.0,339.0,113.0,935.0,233.75,38409.0,19204.5,38143.0,266.0,104.0,136.0,73.1511058,113.0,233.75,339.0,935.0,26883.0
80.0,346.0,935.0,346.0,115.3333333,935.0,233.75,38653.0,19326.5,38354.0,299.0,104.0,136.0,40.3600113,115.3333333,233.75,346.0,935.0,26883.0
80.0,353.0,935.0,353.0,117.6666667,935.0,233.75,15592.0,7796.0,11646.0,3946.0,104.0,136.0,60.55101423,117.6666667,233.75,353.0,935.0,26883.0
80.0,0.0,0.0,0.0,0.0,0.0,0.0,92.0,92.0,92.0,92.0,64.0,0.0,21739.13043,0.0,0.0,0.0,0.0,225.0
80.0,289.0,935.0,289.0,96.33333333,935.0,233.75,2343.0,1171.5,2128.0,215.0,104.0,136.0,87.63985861,96.33333333,233.75,289.0,935.0,26883.0
80.0,352.0,935.0,352.0,117.3333333,935.0,233.75,10282.0,5141.0,9248.0,1034.0,104.0,136.0,142.8911646,117.3333333,233.75,352.0,935.0,26883.0
80.0,0.0,0.0,0.0,0.0,0.0,0.0,8.0,8.0,8.0,8.0,64.0,0.0,250000.0,0.0,0.0,0.0,0.0,225.0
80.0,346.0,935.0,346.0,115.3333333,935.0,233.75,4495.0,2247.5,4211.0,284.0,104.0,136.0,174.6826598,115.3333333,233.75,346.0,935.0,26883.0
80.0,345.0,935.0,345.0,115.0,935.0,233.75,7164.0,3582.0,5996.0,1168.0,104.0,136.0,62.09508828,115.0,233.75,345.0,935.0,26883.0
80.0,363.0,935.0,363.0,121.0,935.0,233.75,29904.0,14952.0,29656.0,248.0,104.0,136.0,99.21291091,121.0,233.75,363.0,935.0,26883.0
80.0,346.0,935.0,346.0,115.3333333,935.0,233.75,35969.0,17984.5,35660.0,309.0,104.0,136.0,78.92452185,115.3333333,233.75,346.0,935.0,26883.0
80.0,390.0,935.0,390.0,130.0,935.0,233.75,30512.0,15256.0,30195.0,317.0,104.0,136.0,96.01228957,130.0,233.75,390.0,935.0,26883.0
80.0,328.0,935.0,328.0,109.3333333,935.0,233.75,30611.0,15305.5,30287.0,324.0,104.0,136.0,96.32055481,109.3333333,233.75,328.0,935.0,26883.0
80.0,0.0,0.0,0.0,0.0,0.0,0.0,63.0,63.0,63.0,63.0,64.0,0.0,31746.03175,0.0,0.0,0.0,0.0,225.0
80.0,363.0,935.0,363.0,121.0,935.0,233.75,16707.0,8353.5,16422.0,285.0,104.0,136.0,96.81166903,121.0,233.75,363.0,935.0,26883.0
80.0,0.0,0.0,0.0,0.0,0.0,0.0,113.0,113.0,113.0,113.0,64.0,0.0,17699.11504,0.0,0.0,0.0,0.0,225.0
80.0,588.0,935.0,294.0,147.0,935.0,233.75,206925.0,68975.0,203710.0,1204.0,136.0,136.0,16.94154321,147.0,233.75,588.0,935.0,26883.0
80.0,366.0,935.0,366.0,122.0,935.0,233.75,6136.0,3068.0,5835.0,301.0,104.0,136.0,211.3271344,122.0,233.75,366.0,935.0,26883.0
80.0,349.0,935.0,349.0,116.3333333,935.0,233.75,8061.0,4030.5,4580.0,3481.0,104.0,136.0,61.19826197,116.3333333,233.75,349.0,935.0,26883.0
80.0,346.0,935.0,346.0,115.3333333,935.0,233.75,6652.0,3326.0,4208.0,2444.0,104.0,136.0,86.84576193,115.3333333,233.75,346.0,935.0,26883.0
80.0,323.0,935.0,323.0,107.6666667,935.0,233.75,51001.0,25500.5,50761.0,240.0,104.0,136.0,55.53190308,107.6666667,233.75,323.0,935.0,26883.0
80.0,377.0,935.0,377.0,125.6666667,935.0,233.75,4425.0,2212.5,2478.0,1947.0,104.0,136.0,58.56858381,125.6666667,233.75,377.0,935.0,26883.0
80.0,344.0,935.0,344.0,114.6666667,935.0,233.75,30653.0,15326.5,30382.0,271.0,104.0,136.0,91.27974198,114.6666667,233.75,344.0,935.0,26883.0
80.0,370.0,935.0,370.0,123.3333333,935.0,233.75,16812.0,8406.0,16544.0,268.0,104.0,136.0,106.04828729999998,123.3333333,233.75,370.0,935.0,26883.0
80.0,292.0,935.0,292.0,97.33333333,935.0,233.75,25855.0,12927.5,25451.0,404.0,104.0,136.0,112.9943503,97.33333333,233.75,292.0,935.0,26883.0
80.0,326.0,935.0,326.0,108.6666667,935.0,233.75,25347.0,12673.5,19046.0,6301.0,104.0,136.0,73.45559609,108.6666667,233.75,326.0,935.0,26883.0
80.0,342.0,935.0,342.0,114.0,935.0,233.75,8343.0,4171.5,7341.0,1002.0,104.0,136.0,61.28702758,114.0,233.75,342.0,935.0,26883.0
80.0,0.0,0.0,0.0,0.0,0.0,0.0,116.0,116.0,116.0,116.0,64.0,0.0,17241.37931,0.0,0.0,0.0,0.0,225.0
80.0,350.0,935.0,350.0,116.6666667,935.0,233.75,38322.0,19161.0,38037.0,285.0,104.0,136.0,73.74993854,116.6666667,233.75,350.0,935.0,26883.0
80.0,337.0,935.0,337.0,112.3333333,935.0,233.75,45577.0,22788.5,45297.0,280.0,104.0,136.0,38.1718241,112.3333333,233.75,337.0,935.0,26883.0
80.0,369.0,935.0,369.0,123.0,935.0,233.75,1545.0,772.5,1298.0,247.0,104.0,136.0,861.5738082,123.0,233.75,369.0,935.0,26883.0
80.0,0.0,0.0,0.0,0.0,0.0,0.0,48.0,48.0,48.0,48.0,64.0,0.0,41666.66667,0.0,0.0,0.0,0.0,225.0
80.0,306.0,935.0,306.0,102.0,935.0,233.75,17399.0,8699.5,17071.0,328.0,104.0,136.0,67.71550459,102.0,233.75,306.0,935.0,26883.0
80.0,363.0,935.0,363.0,121.0,935.0,233.75,3333.0,1666.5,3091.0,242.0,104.0,136.0,570.9935287000002,121.0,233.75,363.0,935.0,26883.0
80.0,353.0,935.0,353.0,117.6666667,935.0,233.75,38384.0,19192.0,38120.0,264.0,104.0,136.0,75.0131273,117.6666667,233.75,353.0,935.0,26883.0
80.0,340.0,935.0,340.0,113.3333333,935.0,233.75,20412.0,10206.0,20000.0,412.0,104.0,136.0,63.03580434,113.3333333,233.75,340.0,935.0,26883.0
80.0,390.0,935.0,390.0,130.0,935.0,233.75,18488.0,9244.0,18177.0,311.0,104.0,136.0,56.39203744,130.0,233.75,390.0,935.0,26883.0
80.0,330.0,935.0,330.0,110.0,935.0,233.75,29324.0,14662.0,29079.0,245.0,104.0,136.0,56.81710574,110.0,233.75,330.0,935.0,26883.0
80.0,353.0,935.0,353.0,117.6666667,935.0,233.75,31819.0,15909.5,31509.0,310.0,104.0,136.0,43.10282898,117.6666667,233.75,353.0,935.0,26883.0
80.0,379.0,935.0,379.0,126.3333333,935.0,233.75,11303.0,5651.5,8304.0,2999.0,104.0,136.0,54.5970736,126.3333333,233.75,379.0,935.0,26883.0
80.0,0.0,0.0,0.0,0.0,0.0,0.0,98.0,98.0,98.0,98.0,64.0,0.0,20408.16327,0.0,0.0,0.0,0.0,225.0
80.0,377.0,935.0,377.0,125.6666667,935.0,233.75,21089.0,10544.5,20809.0,280.0,104.0,136.0,138.47219019999997,125.6666667,233.75,377.0,935.0,26883.0
80.0,378.0,935.0,378.0,126.0,935.0,233.75,22832.0,11416.0,22453.0,379.0,104.0,136.0,82.45609213,126.0,233.75,378.0,935.0,26883.0
80.0,322.0,935.0,322.0,64.4,935.0,311.6666667,17989.0,4497.25,12848.0,280.0,168.0,104.0,277.9476347,64.4,311.6666667,322.0,935.0,26883.0
80.0,341.0,935.0,341.0,113.6666667,935.0,233.75,35929.0,17964.5,35566.0,363.0,104.0,136.0,82.54230293,113.6666667,233.75,341.0,935.0,26883.0
80.0,0.0,0.0,0.0,0.0,0.0,0.0,101.0,101.0,101.0,101.0,64.0,0.0,19801.9802,0.0,0.0,0.0,0.0,225.0
80.0,354.0,935.0,354.0,118.0,935.0,233.75,28531.0,14265.5,28287.0,244.0,104.0,136.0,54.31437158,118.0,233.75,354.0,935.0,26883.0
80.0,332.0,935.0,332.0,110.6666667,935.0,233.75,6874.0,3437.0,6587.0,287.0,104.0,136.0,135.9003398,110.6666667,233.75,332.0,935.0,26883.0
80.0,355.0,935.0,355.0,118.3333333,935.0,233.75,7302.0,3651.0,7004.0,298.0,104.0,136.0,67.35367414,118.3333333,233.75,355.0,935.0,26883.0
80.0,379.0,935.0,379.0,126.3333333,935.0,233.75,24068.0,12034.0,23780.0,288.0,104.0,136.0,85.46765049,126.3333333,233.75,379.0,935.0,26883.0
80.0,0.0,0.0,0.0,0.0,0.0,0.0,93.0,93.0,93.0,93.0,64.0,0.0,21505.37634,0.0,0.0,0.0,0.0,225.0
80.0,354.0,935.0,354.0,118.0,935.0,233.75,5063.0,2531.5,2703.0,2360.0,104.0,136.0,57.54181372,118.0,233.75,354.0,935.0,26883.0
80.0,0.0,0.0,0.0,0.0,0.0,0.0,80.0,80.0,80.0,80.0,64.0,0.0,25000.0,0.0,0.0,0.0,0.0,225.0
80.0,377.0,935.0,377.0,125.6666667,935.0,233.75,39530.0,19765.0,39261.0,269.0,104.0,136.0,71.96660749,125.6666667,233.75,377.0,935.0,26883.0
80.0,317.0,935.0,317.0,105.6666667,935.0,233.75,8898.0,4449.0,4673.0,4225.0,104.0,136.0,60.5877007,105.6666667,233.75,317.0,935.0,26883.0
80.0,338.0,935.0,338.0,112.6666667,935.0,233.75,7948.0,3974.0,7679.0,269.0,104.0,136.0,98.48982272,112.6666667,233.75,338.0,935.0,26883.0
80.0,416.0,935.0,416.0,138.66666669999998,935.0,233.75,913.0,456.5,648.0,265.0,104.0,136.0,811.4687585,138.66666669999998,233.75,416.0,935.0,26883.0
80.0,362.0,935.0,362.0,120.6666667,935.0,233.75,67932.0,33966.0,67584.0,348.0,104.0,136.0,27.41954648,120.6666667,233.75,362.0,935.0,26883.0
80.0,322.0,935.0,322.0,107.3333333,935.0,233.75,3738.0,1869.0,3439.0,299.0,104.0,136.0,241.7405318,107.3333333,233.75,322.0,935.0,26883.0
80.0,347.0,935.0,347.0,115.6666667,935.0,233.75,22673.0,11336.5,22395.0,278.0,104.0,136.0,68.01024688,115.6666667,233.75,347.0,935.0,26883.0
80.0,0.0,0.0,0.0,0.0,0.0,0.0,92.0,92.0,92.0,92.0,64.0,0.0,21739.13043,0.0,0.0,0.0,0.0,225.0
80.0,313.0,935.0,313.0,104.3333333,935.0,233.75,15354.0,7677.0,15093.0,261.0,104.0,136.0,68.49002329,104.3333333,233.75,313.0,935.0,26883.0
80.0,359.0,935.0,359.0,119.6666667,935.0,233.75,6752.0,3376.0,3635.0,3117.0,104.0,136.0,59.68961401,119.6666667,233.75,359.0,935.0,26883.0
80.0,366.0,935.0,366.0,122.0,935.0,233.75,43532.0,21766.0,43284.0,248.0,104.0,136.0,46.24277457,122.0,233.75,366.0,935.0,26883.0
80.0,346.0,935.0,346.0,115.3333333,935.0,233.75,17782.0,8891.0,17512.0,270.0,104.0,136.0,72.24911495,115.3333333,233.75,346.0,935.0,26883.0
80.0,354.0,935.0,354.0,118.0,935.0,233.75,26741.0,13370.5,26419.0,322.0,104.0,136.0,58.23433496,118.0,233.75,354.0,935.0,26883.0
80.0,0.0,0.0,0.0,0.0,0.0,0.0,43.0,43.0,43.0,43.0,64.0,0.0,46511.62791,0.0,0.0,0.0,0.0,225.0
80.0,371.0,935.0,371.0,123.6666667,935.0,233.75,30944.0,15472.0,30666.0,278.0,104.0,136.0,66.653336,123.6666667,233.75,371.0,935.0,26883.0
80.0,375.0,935.0,375.0,125.0,935.0,233.75,4301.0,2150.5,3973.0,328.0,104.0,136.0,172.5526286,125.0,233.75,375.0,935.0,26883.0
80.0,342.0,935.0,342.0,114.0,935.0,233.75,8659.0,4329.5,4922.0,3737.0,104.0,136.0,59.30846332,114.0,233.75,342.0,935.0,26883.0
80.0,339.0,935.0,339.0,113.0,935.0,233.75,8227.0,4113.5,7968.0,259.0,104.0,136.0,82.09281961,113.0,233.75,339.0,935.0,26883.0
80.0,356.0,935.0,356.0,118.6666667,935.0,233.75,8930.0,4465.0,8626.0,304.0,104.0,136.0,88.47730557,118.6666667,233.75,356.0,935.0,26883.0
80.0,0.0,0.0,0.0,0.0,0.0,0.0,15.0,15.0,15.0,15.0,64.0,0.0,133333.3333,0.0,0.0,0.0,0.0,225.0
80.0,345.0,935.0,345.0,115.0,935.0,233.75,39046.0,19523.0,38799.0,247.0,104.0,136.0,49.13361067,115.0,233.75,345.0,935.0,26883.0
80.0,337.0,935.0,337.0,112.3333333,935.0,233.75,13254.0,6627.0,11689.0,1565.0,104.0,136.0,51.73662608,112.3333333,233.75,337.0,935.0,26883.0
80.0,347.0,935.0,347.0,115.6666667,935.0,233.75,12196.0,6098.0,11974.0,222.0,104.0,136.0,112.6210676,115.6666667,233.75,347.0,935.0,26883.0
80.0,0.0,0.0,0.0,0.0,0.0,0.0,79.0,79.0,79.0,79.0,64.0,0.0,25316.4557,0.0,0.0,0.0,0.0,225.0
80.0,372.0,935.0,372.0,124.0,935.0,233.75,34240.0,17120.0,33964.0,276.0,104.0,136.0,82.94854425,124.0,233.75,372.0,935.0,26883.0
80.0,305.0,935.0,305.0,101.6666667,935.0,233.75,6380.0,3190.0,6042.0,338.0,104.0,136.0,98.21896281,101.6666667,233.75,305.0,935.0,26883.0
80.0,359.0,935.0,359.0,119.6666667,935.0,233.75,28937.0,14468.5,28608.0,329.0,104.0,136.0,42.96209311,119.6666667,233.75,359.0,935.0,26883.0
80.0,361.0,935.0,361.0,120.3333333,935.0,233.75,1685.0,842.5,1147.0,538.0,104.0,136.0,115.9913393,120.3333333,233.75,361.0,935.0,26883.0
80.0,368.0,935.0,368.0,122.6666667,935.0,233.75,12789.0,6394.5,9623.0,3166.0,104.0,136.0,53.51791066,122.6666667,233.75,368.0,935.0,26883.0
80.0,304.0,935.0,304.0,101.3333333,935.0,233.75,46340.0,23170.0,45961.0,379.0,104.0,136.0,59.08419498,101.3333333,233.75,304.0,935.0,26883.0
80.0,351.0,935.0,351.0,117.0,935.0,233.75,12222.0,6111.0,11358.0,864.0,104.0,136.0,59.17860102,117.0,233.75,351.0,935.0,26883.0
80.0,300.0,935.0,300.0,100.0,935.0,233.75,3127.0,1563.5,2870.0,257.0,104.0,136.0,262.283616,100.0,233.75,300.0,935.0,26883.0
80.0,390.0,935.0,390.0,130.0,935.0,233.75,29347.0,14673.5,28976.0,371.0,104.0,136.0,98.24791223,130.0,233.75,390.0,935.0,26883.0
80.0,367.0,935.0,367.0,122.3333333,935.0,233.75,9139.0,4569.5,5262.0,3877.0,104.0,136.0,64.10530365,122.3333333,233.75,367.0,935.0,26883.0
80.0,373.0,935.0,373.0,124.3333333,935.0,233.75,8060.0,4030.0,7780.0,280.0,104.0,136.0,317.5611305,124.3333333,233.75,373.0,935.0,26883.0
80.0,346.0,935.0,346.0,115.3333333,935.0,233.75,31187.0,15593.5,30917.0,270.0,104.0,136.0,94.22998398,115.3333333,233.75,346.0,935.0,26883.0
80.0,345.0,935.0,345.0,115.0,935.0,233.75,23668.0,11834.0,23384.0,284.0,104.0,136.0,119.8849105,115.0,233.75,345.0,935.0,26883.0
80.0,354.0,935.0,354.0,118.0,935.0,233.75,24059.0,12029.5,23761.0,298.0,104.0,136.0,69.88120196,118.0,233.75,354.0,935.0,26883.0
80.0,391.0,935.0,391.0,130.3333333,935.0,233.75,32894.0,16447.0,32596.0,298.0,104.0,136.0,87.13331397,130.3333333,233.75,391.0,935.0,26883.0
80.0,0.0,0.0,0.0,0.0,0.0,0.0,16.0,16.0,16.0,16.0,64.0,0.0,125000.0,0.0,0.0,0.0,0.0,225.0
80.0,362.0,935.0,362.0,120.6666667,935.0,233.75,4592.0,2296.0,2572.0,2020.0,104.0,136.0,59.02490851,120.6666667,233.75,362.0,935.0,26883.0
80.0,334.0,935.0,334.0,111.3333333,935.0,233.75,8201.0,4100.5,7937.0,264.0,104.0,136.0,203.5968782,111.3333333,233.75,334.0,935.0,26883.0
80.0,348.0,935.0,348.0,116.0,935.0,233.75,14383.0,7191.5,14070.0,313.0,104.0,136.0,128.1394157,116.0,233.75,348.0,935.0,26883.0
80.0,374.0,935.0,374.0,124.6666667,935.0,233.75,26963.0,13481.5,26698.0,265.0,104.0,136.0,50.01583835,124.6666667,233.75,374.0,935.0,26883.0
80.0,354.0,935.0,354.0,118.0,935.0,233.75,11197.0,5598.5,8560.0,2637.0,104.0,136.0,58.09675046,118.0,233.75,354.0,935.0,26883.0
80.0,295.0,935.0,295.0,98.33333333,935.0,233.75,31391.0,15695.5,31143.0,248.0,104.0,136.0,74.62315308,98.33333333,233.75,295.0,935.0,26883.0
80.0,351.0,935.0,351.0,117.0,935.0,233.75,4842.0,2421.0,4449.0,393.0,104.0,136.0,401.33779260000006,117.0,233.75,351.0,935.0,26883.0
80.0,374.0,935.0,374.0,124.6666667,935.0,233.75,31277.0,15638.5,30796.0,481.0,104.0,136.0,95.0630585,124.6666667,233.75,374.0,935.0,26883.0
80.0,346.0,935.0,346.0,115.3333333,935.0,233.75,11020.0,5510.0,7227.0,3793.0,104.0,136.0,58.85353317,115.3333333,233.75,346.0,935.0,26883.0
80.0,319.0,935.0,319.0,106.3333333,935.0,233.75,7491.0,3745.5,7237.0,254.0,104.0,136.0,265.2285386,106.3333333,233.75,319.0,935.0,26883.0
80.0,316.0,935.0,316.0,105.3333333,935.0,233.75,8512.0,4256.0,8229.0,283.0,104.0,136.0,178.6565031,105.3333333,233.75,316.0,935.0,26883.0
80.0,333.0,935.0,333.0,111.0,935.0,233.75,18118.0,9059.0,17886.0,232.0,104.0,136.0,147.6595954,111.0,233.75,333.0,935.0,26883.0
80.0,394.0,935.0,394.0,131.3333333,935.0,233.75,38177.0,19088.5,37634.0,543.0,104.0,136.0,60.48143220000001,131.3333333,233.75,394.0,935.0,26883.0
80.0,379.0,935.0,379.0,126.3333333,935.0,233.75,26116.0,13058.0,25781.0,335.0,104.0,136.0,109.4970436,126.3333333,233.75,379.0,935.0,26883.0
80.0,0.0,0.0,0.0,0.0,0.0,0.0,80.0,80.0,80.0,80.0,64.0,0.0,25000.0,0.0,0.0,0.0,0.0,225.0
80.0,0.0,0.0,0.0,0.0,0.0,0.0,45.0,45.0,45.0,45.0,64.0,0.0,44444.44444,0.0,0.0,0.0,0.0,225.0
80.0,303.0,935.0,303.0,101.0,935.0,233.75,9147.0,4573.5,8870.0,277.0,104.0,136.0,304.0129712,101.0,233.75,303.0,935.0,26883.0
80.0,370.0,935.0,370.0,123.3333333,935.0,233.75,10693.0,5346.5,8900.0,1793.0,104.0,136.0,61.40368831,123.3333333,233.75,370.0,935.0,26883.0
80.0,367.0,935.0,367.0,122.3333333,935.0,233.75,39273.0,19636.5,38851.0,422.0,104.0,136.0,72.31703789,122.3333333,233.75,367.0,935.0,26883.0
80.0,339.0,935.0,339.0,113.0,935.0,233.75,12834.0,6417.0,12602.0,232.0,104.0,136.0,115.3180857,113.0,233.75,339.0,935.0,26883.0
80.0,360.0,935.0,360.0,120.0,935.0,233.75,9952.0,4976.0,5385.0,4567.0,104.0,136.0,60.81368713,120.0,233.75,360.0,935.0,26883.0
80.0,412.0,935.0,412.0,137.33333330000002,935.0,233.75,1261.0,630.5,1138.0,123.0,104.0,136.0,189.9816351,137.33333330000002,233.75,412.0,935.0,26883.0
80.0,288.0,935.0,288.0,96.0,935.0,233.75,26649.0,13324.5,26341.0,308.0,104.0,136.0,99.65453096,96.0,233.75,288.0,935.0,26883.0
80.0,366.0,935.0,366.0,122.0,935.0,233.75,11259.0,5629.5,10977.0,282.0,104.0,136.0,214.0716426,122.0,233.75,366.0,935.0,26883.0
80.0,320.0,935.0,320.0,106.6666667,935.0,233.75,11798.0,5899.0,11559.0,239.0,104.0,136.0,209.0009753,106.6666667,233.75,320.0,935.0,26883.0
80.0,336.0,935.0,336.0,112.0,935.0,233.75,19251.0,9625.5,18904.0,347.0,104.0,136.0,139.944955,112.0,233.75,336.0,935.0,26883.0
80.0,380.0,935.0,380.0,126.6666667,935.0,233.75,6450.0,3225.0,6170.0,280.0,104.0,136.0,149.6408619,126.6666667,233.75,380.0,935.0,26883.0
80.0,312.0,935.0,312.0,104.0,935.0,233.75,12638.0,6319.0,10215.0,2423.0,104.0,136.0,55.8773678,104.0,233.75,312.0,935.0,26883.0
80.0,311.0,935.0,311.0,103.6666667,935.0,233.75,9655.0,4827.5,6087.0,3568.0,104.0,136.0,56.58882559,103.6666667,233.75,311.0,935.0,26883.0
80.0,328.0,935.0,328.0,109.3333333,935.0,233.75,7559.0,3779.5,7287.0,272.0,104.0,136.0,219.8929854,109.3333333,233.75,328.0,935.0,26883.0
80.0,333.0,935.0,333.0,111.0,935.0,233.75,12706.0,6353.0,12457.0,249.0,104.0,136.0,127.6432796,111.0,233.75,333.0,935.0,26883.0
80.0,299.0,935.0,299.0,99.66666667,935.0,233.75,12671.0,6335.5,12323.0,348.0,104.0,136.0,132.9551498,99.66666667,233.75,299.0,935.0,26883.0
80.0,361.0,935.0,361.0,120.3333333,935.0,233.75,6211.0,3105.5,4046.0,2165.0,104.0,136.0,52.03364843,120.3333333,233.75,361.0,935.0,26883.0
80.0,348.0,935.0,348.0,116.0,935.0,233.75,38365.0,19182.5,38101.0,264.0,104.0,136.0,77.57350089,116.0,233.75,348.0,935.0,26883.0
80.0,339.0,935.0,339.0,113.0,935.0,233.75,22169.0,11084.5,21917.0,252.0,104.0,136.0,99.29171907,113.0,233.75,339.0,935.0,26883.0
80.0,357.0,935.0,357.0,119.0,935.0,233.75,39234.0,19617.0,38986.0,248.0,104.0,136.0,75.77288341,119.0,233.75,357.0,935.0,26883.0
80.0,375.0,935.0,375.0,125.0,935.0,233.75,28415.0,14207.5,28121.0,294.0,104.0,136.0,101.4576076,125.0,233.75,375.0,935.0,26883.0
80.0,317.0,935.0,317.0,105.6666667,935.0,233.75,29091.0,14545.5,22033.0,7058.0,104.0,136.0,74.14730598,105.6666667,233.75,317.0,935.0,26883.0
80.0,362.0,935.0,362.0,120.6666667,935.0,233.75,21390.0,10695.0,20962.0,428.0,104.0,136.0,133.6660132,120.6666667,233.75,362.0,935.0,26883.0
80.0,312.0,935.0,312.0,104.0,935.0,233.75,30194.0,15097.0,29959.0,235.0,104.0,136.0,94.05862988,104.0,233.75,312.0,935.0,26883.0
80.0,313.0,935.0,313.0,104.3333333,935.0,233.75,10742.0,5371.0,9891.0,851.0,104.0,136.0,72.09805335,104.3333333,233.75,313.0,935.0,26883.0
80.0,324.0,935.0,324.0,108.0,935.0,233.75,26384.0,13192.0,26072.0,312.0,104.0,136.0,107.54615520000002,108.0,233.75,324.0,935.0,26883.0
80.0,368.0,935.0,368.0,122.6666667,935.0,233.75,1324.0,662.0,883.0,441.0,104.0,136.0,699.6268657,122.6666667,233.75,368.0,935.0,26883.0
80.0,0.0,0.0,0.0,0.0,0.0,0.0,112.0,112.0,112.0,112.0,64.0,0.0,17857.14286,0.0,0.0,0.0,0.0,225.0
80.0,326.0,935.0,326.0,108.6666667,935.0,233.75,30527.0,15263.5,30260.0,267.0,104.0,136.0,53.15567525,108.6666667,233.75,326.0,935.0,26883.0
80.0,375.0,935.0,375.0,125.0,935.0,233.75,28519.0,14259.5,28183.0,336.0,104.0,136.0,103.8277843,125.0,233.75,375.0,935.0,26883.0
80.0,347.0,935.0,347.0,115.6666667,935.0,233.75,22078.0,11039.0,21646.0,432.0,104.0,136.0,73.15288954,115.6666667,233.75,347.0,935.0,26883.0
80.0,0.0,0.0,0.0,0.0,0.0,0.0,100.0,100.0,100.0,100.0,64.0,0.0,20000.0,0.0,0.0,0.0,0.0,225.0
80.0,368.0,935.0,368.0,122.6666667,935.0,233.75,4512.0,2256.0,4215.0,297.0,104.0,136.0,563.2745024000002,122.6666667,233.75,368.0,935.0,26883.0
80.0,330.0,935.0,330.0,110.0,935.0,233.75,21380.0,10690.0,21134.0,246.0,104.0,136.0,120.816721,110.0,233.75,330.0,935.0,26883.0
80.0,328.0,935.0,328.0,109.3333333,935.0,233.75,21780.0,10890.0,21525.0,255.0,104.0,136.0,53.36464059,109.3333333,233.75,328.0,935.0,26883.0
80.0,369.0,935.0,369.0,123.0,935.0,233.75,21123.0,10561.5,20831.0,292.0,104.0,136.0,117.1325941,123.0,233.75,369.0,935.0,26883.0
80.0,285.0,935.0,285.0,95.0,935.0,233.75,47790.0,23895.0,47555.0,235.0,104.0,136.0,34.31041779,95.0,233.75,285.0,935.0,26883.0
80.0,326.0,935.0,326.0,108.6666667,935.0,233.75,12196.0,6098.0,11922.0,274.0,104.0,136.0,131.7291648,108.6666667,233.75,326.0,935.0,26883.0
80.0,294.0,935.0,294.0,98.0,935.0,233.75,11521.0,5760.5,11187.0,334.0,104.0,136.0,150.27801430000005,98.0,233.75,294.0,935.0,26883.0
80.0,353.0,935.0,353.0,117.6666667,935.0,233.75,3878.0,1939.0,3563.0,315.0,104.0,136.0,111.3213848,117.6666667,233.75,353.0,935.0,26883.0
80.0,0.0,0.0,0.0,0.0,0.0,0.0,105.0,105.0,105.0,105.0,64.0,0.0,19047.61905,0.0,0.0,0.0,0.0,225.0
80.0,298.0,935.0,298.0,99.33333333,935.0,233.75,32814.0,16407.0,32526.0,288.0,104.0,136.0,56.63262417,99.33333333,233.75,298.0,935.0,26883.0
80.0,395.0,935.0,395.0,131.6666667,935.0,233.75,9741.0,4870.5,9431.0,310.0,104.0,136.0,111.000111,131.6666667,233.75,395.0,935.0,26883.0
80.0,352.0,935.0,352.0,117.3333333,935.0,233.75,36132.0,18066.0,35333.0,799.0,104.0,136.0,72.75020006,117.3333333,233.75,352.0,935.0,26883.0
80.0,407.0,935.0,407.0,135.66666669999998,935.0,233.75,24724.0,12362.0,24447.0,277.0,104.0,136.0,53.157559,135.66666669999998,233.75,407.0,935.0,26883.0
80.0,368.0,935.0,368.0,122.6666667,935.0,233.75,17761.0,8880.5,17482.0,279.0,104.0,136.0,86.08568395,122.6666667,233.75,368.0,935.0,26883.0
80.0,410.0,935.0,410.0,136.66666669999998,935.0,233.75,42105.0,21052.5,38884.0,3221.0,104.0,136.0,51.07339246,136.66666669999998,233.75,410.0,935.0,26883.0
80.0,338.0,935.0,338.0,112.6666667,935.0,233.75,27467.0,13733.5,27194.0,273.0,104.0,136.0,101.8641133,112.6666667,233.75,338.0,935.0,26883.0
80.0,356.0,935.0,356.0,118.6666667,935.0,233.75,1621.0,810.5,1045.0,576.0,104.0,136.0,203.7905034,118.6666667,233.75,356.0,935.0,26883.0
80.0,348.0,935.0,348.0,69.6,935.0,311.6666667,51235.0,12808.75,27673.0,255.0,168.0,104.0,97.5895384,69.6,311.6666667,348.0,935.0,26883.0
80.0,0.0,0.0,0.0,0.0,0.0,0.0,14.0,14.0,14.0,14.0,64.0,0.0,142857.1429,0.0,0.0,0.0,0.0,225.0
80.0,349.0,935.0,349.0,116.3333333,935.0,233.75,10657.0,5328.5,10397.0,260.0,104.0,136.0,216.74734480000004,116.3333333,233.75,349.0,935.0,26883.0
80.0,343.0,935.0,343.0,114.3333333,935.0,233.75,19798.0,9899.0,19556.0,242.0,104.0,136.0,139.6063102,114.3333333,233.75,343.0,935.0,26883.0
80.0,0.0,0.0,0.0,0.0,0.0,0.0,45.0,45.0,45.0,45.0,64.0,0.0,44444.44444,0.0,0.0,0.0,0.0,225.0
80.0,410.0,935.0,410.0,136.66666669999998,935.0,233.75,36291.0,18145.5,35911.0,380.0,104.0,136.0,66.96877023,136.66666669999998,233.75,410.0,935.0,26883.0
80.0,0.0,0.0,0.0,0.0,0.0,0.0,95.0,95.0,95.0,95.0,64.0,0.0,21052.63158,0.0,0.0,0.0,0.0,225.0
80.0,374.0,935.0,374.0,124.6666667,935.0,233.75,10666.0,5333.0,7944.0,2722.0,104.0,136.0,58.80623346,124.6666667,233.75,374.0,935.0,26883.0
80.0,285.0,935.0,285.0,95.0,935.0,233.75,10299.0,5149.5,10030.0,269.0,104.0,136.0,218.3565034,95.0,233.75,285.0,935.0,26883.0
80.0,379.0,935.0,379.0,94.75,935.0,233.75,44917.0,14972.33333,31606.0,245.0,136.0,136.0,88.85926913,94.75,233.75,379.0,935.0,26883.0
80.0,354.0,935.0,354.0,118.0,935.0,233.75,27740.0,13870.0,27448.0,292.0,104.0,136.0,107.1696496,118.0,233.75,354.0,935.0,26883.0
80.0,378.0,935.0,378.0,126.0,935.0,233.75,2987.0,1493.5,2665.0,322.0,104.0,136.0,239.3871688,126.0,233.75,378.0,935.0,26883.0
80.0,321.0,935.0,321.0,107.0,935.0,233.75,26426.0,13213.0,26104.0,322.0,104.0,136.0,111.205842,107.0,233.75,321.0,935.0,26883.0
80.0,367.0,935.0,367.0,122.3333333,935.0,233.75,20546.0,10273.0,20291.0,255.0,104.0,136.0,59.18327086,122.3333333,233.75,367.0,935.0,26883.0
80.0,289.0,935.0,289.0,96.33333333,935.0,233.75,28828.0,14414.0,28583.0,245.0,104.0,136.0,101.3924564,96.33333333,233.75,289.0,935.0,26883.0
80.0,354.0,935.0,354.0,118.0,935.0,233.75,11035.0,5517.5,10770.0,265.0,104.0,136.0,222.1563981,118.0,233.75,354.0,935.0,26883.0
80.0,354.0,935.0,354.0,118.0,935.0,233.75,7890.0,3945.0,7611.0,279.0,104.0,136.0,353.7318712,118.0,233.75,354.0,935.0,26883.0
80.0,373.0,935.0,373.0,124.3333333,935.0,233.75,20218.0,10109.0,19932.0,286.0,104.0,136.0,88.59750155,124.3333333,233.75,373.0,935.0,26883.0
80.0,0.0,0.0,0.0,0.0,0.0,0.0,98.0,98.0,98.0,98.0,64.0,0.0,20408.16327,0.0,0.0,0.0,0.0,225.0
80.0,328.0,935.0,328.0,109.3333333,935.0,233.75,10461.0,5230.5,10214.0,247.0,104.0,136.0,142.6533524,109.3333333,233.75,328.0,935.0,26883.0
80.0,303.0,935.0,303.0,101.0,935.0,233.75,31157.0,15578.5,30840.0,317.0,104.0,136.0,74.10517995,101.0,233.75,303.0,935.0,26883.0
80.0,0.0,0.0,0.0,0.0,0.0,0.0,108.0,108.0,108.0,108.0,64.0,0.0,18518.51852,0.0,0.0,0.0,0.0,225.0
80.0,373.0,935.0,373.0,124.3333333,935.0,233.75,11879.0,5939.5,8648.0,3231.0,104.0,136.0,44.05803912,124.3333333,233.75,373.0,935.0,26883.0
80.0,333.0,935.0,333.0,111.0,935.0,233.75,8020.0,4010.0,6663.0,1357.0,104.0,136.0,59.8241171,111.0,233.75,333.0,935.0,26883.0
80.0,339.0,935.0,339.0,113.0,935.0,233.75,13414.0,6707.0,11081.0,2333.0,104.0,136.0,44.52161524,113.0,233.75,339.0,935.0,26883.0
80.0,310.0,935.0,310.0,103.3333333,935.0,233.75,13816.0,6908.0,13549.0,267.0,104.0,136.0,92.72423812,103.3333333,233.75,310.0,935.0,26883.0
80.0,332.0,935.0,332.0,110.6666667,935.0,233.75,36598.0,18299.0,36340.0,258.0,104.0,136.0,69.59103667,110.6666667,233.75,332.0,935.0,26883.0
80.0,358.0,935.0,358.0,119.3333333,935.0,233.75,40866.0,20433.0,40541.0,325.0,104.0,136.0,69.99043464,119.3333333,233.75,358.0,935.0,26883.0
80.0,354.0,935.0,354.0,118.0,935.0,233.75,13919.0,6959.5,13659.0,260.0,104.0,136.0,139.807997,118.0,233.75,354.0,935.0,26883.0
80.0,0.0,0.0,0.0,0.0,0.0,0.0,54.0,54.0,54.0,54.0,64.0,0.0,37037.03704,0.0,0.0,0.0,0.0,225.0
80.0,290.0,935.0,290.0,96.66666667,935.0,233.75,15309.0,7654.5,15023.0,286.0,104.0,136.0,57.85363032,96.66666667,233.75,290.0,935.0,26883.0
80.0,296.0,935.0,296.0,98.66666667,935.0,233.75,4853.0,2426.5,2725.0,2128.0,104.0,136.0,58.63612376,98.66666667,233.75,296.0,935.0,26883.0
80.0,350.0,935.0,350.0,116.6666667,935.0,233.75,10942.0,5471.0,8777.0,2165.0,104.0,136.0,59.94844434,116.6666667,233.75,350.0,935.0,26883.0
80.0,312.0,935.0,312.0,104.0,935.0,233.75,40154.0,20077.0,39895.0,259.0,104.0,136.0,38.98331514,104.0,233.75,312.0,935.0,26883.0
80.0,652.0,935.0,326.0,108.6666667,935.0,311.6666667,284265.0,56853.0,202491.0,258.0,200.0,104.0,21.10706559,108.6666667,311.6666667,652.0,935.0,26883.0
80.0,377.0,935.0,377.0,125.6666667,935.0,233.75,14470.0,7235.0,14173.0,297.0,104.0,136.0,149.6408619,125.6666667,233.75,377.0,935.0,26883.0
80.0,0.0,0.0,0.0,0.0,0.0,0.0,97.0,97.0,97.0,97.0,64.0,0.0,20618.5567,0.0,0.0,0.0,0.0,225.0
80.0,392.0,935.0,392.0,130.6666667,935.0,233.75,39190.0,19595.0,38777.0,413.0,104.0,136.0,72.02016565,130.6666667,233.75,392.0,935.0,26883.0
80.0,0.0,0.0,0.0,0.0,0.0,0.0,107.0,107.0,107.0,107.0,64.0,0.0,18691.58879,0.0,0.0,0.0,0.0,225.0
80.0,350.0,935.0,350.0,116.6666667,935.0,233.75,22618.0,11309.0,22305.0,313.0,104.0,136.0,63.99317406,116.6666667,233.75,350.0,935.0,26883.0
80.0,343.0,935.0,343.0,114.3333333,935.0,233.75,6807.0,3403.5,3782.0,3025.0,104.0,136.0,56.87742914,114.3333333,233.75,343.0,935.0,26883.0
80.0,347.0,935.0,347.0,115.6666667,935.0,233.75,23050.0,11525.0,22761.0,289.0,104.0,136.0,124.3935813,115.6666667,233.75,347.0,935.0,26883.0
80.0,349.0,935.0,349.0,116.3333333,935.0,233.75,12509.0,6254.5,12167.0,342.0,104.0,136.0,127.2048847,116.3333333,233.75,349.0,935.0,26883.0
80.0,353.0,935.0,353.0,117.6666667,935.0,233.75,46524.0,23262.0,46259.0,265.0,104.0,136.0,60.06126249,117.6666667,233.75,353.0,935.0,26883.0
80.0,337.0,935.0,337.0,112.3333333,935.0,233.75,31895.0,15947.5,31618.0,277.0,104.0,136.0,84.18689491,112.3333333,233.75,337.0,935.0,26883.0
80.0,644.0,935.0,322.0,161.0,935.0,233.75,234237.0,78079.0,202746.0,274.0,136.0,136.0,14.6014711,161.0,233.75,644.0,935.0,26883.0
80.0,0.0,0.0,0.0,0.0,0.0,0.0,105.0,105.0,105.0,105.0,64.0,0.0,19047.61905,0.0,0.0,0.0,0.0,225.0
80.0,322.0,935.0,322.0,107.3333333,935.0,233.75,34352.0,17176.0,34078.0,274.0,104.0,136.0,80.37723717,107.3333333,233.75,322.0,935.0,26883.0
80.0,309.0,935.0,309.0,103.0,935.0,233.75,37822.0,18911.0,37522.0,300.0,104.0,136.0,77.63171514,103.0,233.75,309.0,935.0,26883.0
80.0,698.0,935.0,349.0,174.5,935.0,233.75,214719.0,71573.0,206782.0,2883.0,136.0,136.0,15.41265456,174.5,233.75,698.0,935.0,26883.0
80.0,324.0,935.0,324.0,108.0,935.0,233.75,12994.0,6497.0,12750.0,244.0,104.0,136.0,124.9947919,108.0,233.75,324.0,935.0,26883.0
80.0,329.0,935.0,329.0,109.6666667,935.0,233.75,28448.0,14224.0,28188.0,260.0,104.0,136.0,60.16002567,109.6666667,233.75,329.0,935.0,26883.0
80.0,336.0,935.0,336.0,112.0,935.0,233.75,697.0,348.5,382.0,315.0,104.0,136.0,564.7590361,112.0,233.75,336.0,935.0,26883.0
80.0,368.0,935.0,368.0,122.6666667,935.0,233.75,30710.0,15355.0,30449.0,261.0,104.0,136.0,56.30313608,122.6666667,233.75,368.0,935.0,26883.0
80.0,0.0,0.0,0.0,0.0,0.0,0.0,113.0,113.0,113.0,113.0,64.0,0.0,17699.11504,0.0,0.0,0.0,0.0,225.0
80.0,0.0,0.0,0.0,0.0,0.0,0.0,32.0,32.0,32.0,32.0,64.0,0.0,62500.0,0.0,0.0,0.0,0.0,225.0
80.0,373.0,935.0,373.0,124.3333333,935.0,233.75,12553.0,6276.5,11593.0,960.0,104.0,136.0,57.29345709,124.3333333,233.75,373.0,935.0,26883.0
80.0,305.0,935.0,305.0,101.6666667,935.0,233.75,28456.0,14228.0,28143.0,313.0,104.0,136.0,95.90179656,101.6666667,233.75,305.0,935.0,26883.0
80.0,308.0,935.0,308.0,102.6666667,935.0,233.75,3944.0,1972.0,3678.0,266.0,104.0,136.0,544.5634416,102.6666667,233.75,308.0,935.0,26883.0
80.0,328.0,935.0,328.0,109.3333333,935.0,233.75,11975.0,5987.5,10171.0,1804.0,104.0,136.0,58.03605974,109.3333333,233.75,328.0,935.0,26883.0
80.0,345.0,935.0,345.0,115.0,935.0,233.75,4356.0,2178.0,3908.0,448.0,104.0,136.0,512.0327701,115.0,233.75,345.0,935.0,26883.0
80.0,367.0,935.0,367.0,122.3333333,935.0,233.75,34546.0,17273.0,34266.0,280.0,104.0,136.0,81.36034497,122.3333333,233.75,367.0,935.0,26883.0
80.0,342.0,935.0,342.0,114.0,935.0,233.75,5733.0,2866.5,3014.0,2719.0,104.0,136.0,58.05515239,114.0,233.75,342.0,935.0,26883.0
80.0,327.0,935.0,327.0,109.0,935.0,233.75,32362.0,16181.0,32020.0,342.0,104.0,136.0,88.89415669,109.0,233.75,327.0,935.0,26883.0
80.0,0.0,0.0,0.0,0.0,0.0,0.0,6.0,6.0,6.0,6.0,64.0,0.0,333333.3333,0.0,0.0,0.0,0.0,225.0
80.0,356.0,935.0,356.0,118.6666667,935.0,233.75,40205.0,20102.5,39953.0,252.0,104.0,136.0,72.97672043,118.6666667,233.75,356.0,935.0,26883.0
80.0,337.0,935.0,337.0,112.3333333,935.0,233.75,20201.0,10100.5,19874.0,327.0,104.0,136.0,53.15944289,112.3333333,233.75,337.0,935.0,26883.0
80.0,331.0,935.0,331.0,110.3333333,935.0,233.75,7597.0,3798.5,4525.0,3072.0,104.0,136.0,58.7337014,110.3333333,233.75,331.0,935.0,26883.0
80.0,325.0,935.0,325.0,108.3333333,935.0,233.75,11782.0,5891.0,11489.0,293.0,104.0,136.0,75.86677794,108.3333333,233.75,325.0,935.0,26883.0
80.0,377.0,935.0,377.0,125.6666667,935.0,233.75,5961.0,2980.5,5695.0,266.0,104.0,136.0,137.69679169999998,125.6666667,233.75,377.0,935.0,26883.0
80.0,326.0,935.0,326.0,108.6666667,935.0,233.75,19128.0,9564.0,18882.0,246.0,104.0,136.0,152.9675709,108.6666667,233.75,326.0,935.0,26883.0
80.0,344.0,935.0,344.0,114.6666667,935.0,233.75,39516.0,19758.0,39152.0,364.0,104.0,136.0,43.63572893,114.6666667,233.75,344.0,935.0,26883.0
80.0,344.0,935.0,344.0,114.6666667,935.0,233.75,26771.0,13385.5,26384.0,387.0,104.0,136.0,107.2884629,114.6666667,233.75,344.0,935.0,26883.0
80.0,334.0,935.0,334.0,111.3333333,935.0,233.75,2991.0,1495.5,2229.0,762.0,104.0,136.0,69.73176514,111.3333333,233.75,334.0,935.0,26883.0
80.0,356.0,935.0,356.0,118.6666667,935.0,233.75,34245.0,17122.5,33953.0,292.0,104.0,136.0,83.27781479,118.6666667,233.75,356.0,935.0,26883.0
80.0,0.0,0.0,0.0,0.0,0.0,0.0,109.0,109.0,109.0,109.0,64.0,0.0,18348.62385,0.0,0.0,0.0,0.0,225.0
80.0,322.0,935.0,322.0,107.3333333,935.0,233.75,5021.0,2510.5,4736.0,285.0,104.0,136.0,159.03307890000005,107.3333333,233.75,322.0,935.0,26883.0
80.0,370.0,935.0,370.0,123.3333333,935.0,233.75,31887.0,15943.5,31612.0,275.0,104.0,136.0,72.28915663,123.3333333,233.75,370.0,935.0,26883.0
80.0,343.0,935.0,343.0,114.3333333,935.0,233.75,37508.0,18754.0,37245.0,263.0,104.0,136.0,45.99674956,114.3333333,233.75,343.0,935.0,26883.0
80.0,371.0,935.0,371.0,123.6666667,935.0,233.75,28403.0,14201.5,28153.0,250.0,104.0,136.0,89.41344778,123.6666667,233.75,371.0,935.0,26883.0
80.0,393.0,935.0,393.0,131.0,935.0,233.75,17267.0,8633.5,17026.0,241.0,104.0,136.0,166.16816219999995,131.0,233.75,393.0,935.0,26883.0
80.0,0.0,0.0,0.0,0.0,0.0,0.0,18.0,18.0,18.0,18.0,64.0,0.0,111111.1111,0.0,0.0,0.0,0.0,225.0
80.0,351.0,935.0,351.0,117.0,935.0,233.75,11692.0,5846.0,8930.0,2762.0,104.0,136.0,56.72900554,117.0,233.75,351.0,935.0,26883.0
80.0,0.0,0.0,0.0,0.0,0.0,0.0,4.0,4.0,4.0,4.0,64.0,0.0,500000.0,0.0,0.0,0.0,0.0,225.0
80.0,0.0,0.0,0.0,0.0,0.0,0.0,33.0,33.0,33.0,33.0,64.0,0.0,60606.06061,0.0,0.0,0.0,0.0,225.0
80.0,326.0,935.0,326.0,108.6666667,935.0,233.75,40690.0,20345.0,40433.0,257.0,104.0,136.0,69.12283127,108.6666667,233.75,326.0,935.0,26883.0
80.0,358.0,935.0,358.0,119.3333333,935.0,233.75,1338.0,669.0,995.0,343.0,104.0,136.0,312.3698459,119.3333333,233.75,358.0,935.0,26883.0
80.0,361.0,935.0,361.0,120.3333333,935.0,233.75,7296.0,3648.0,5749.0,1547.0,104.0,136.0,330.5420890000001,120.3333333,233.75,361.0,935.0,26883.0
80.0,327.0,935.0,327.0,109.0,935.0,233.75,26435.0,13217.5,26141.0,294.0,104.0,136.0,111.3089938,109.0,233.75,327.0,935.0,26883.0
80.0,346.0,935.0,346.0,115.3333333,935.0,233.75,7972.0,3986.0,5969.0,2003.0,104.0,136.0,63.32052852,115.3333333,233.75,346.0,935.0,26883.0
80.0,357.0,935.0,357.0,119.0,935.0,233.75,5124.0,2562.0,2591.0,2533.0,104.0,136.0,69.55392748,119.0,233.75,357.0,935.0,26883.0
80.0,321.0,935.0,321.0,107.0,935.0,233.75,26279.0,13139.5,25955.0,324.0,104.0,136.0,51.1552562,107.0,233.75,321.0,935.0,26883.0
80.0,0.0,0.0,0.0,0.0,0.0,0.0,95.0,95.0,95.0,95.0,64.0,0.0,21052.63158,0.0,0.0,0.0,0.0,225.0
80.0,349.0,935.0,349.0,116.3333333,935.0,233.75,13544.0,6772.0,13239.0,305.0,104.0,136.0,104.5660509,116.3333333,233.75,349.0,935.0,26883.0
80.0,373.0,935.0,373.0,124.3333333,935.0,233.75,39996.0,19998.0,39718.0,278.0,104.0,136.0,71.62639671,124.3333333,233.75,373.0,935.0,26883.0
80.0,350.0,935.0,350.0,116.6666667,935.0,233.75,2301.0,1150.5,2054.0,247.0,104.0,136.0,242.1307506,116.6666667,233.75,350.0,935.0,26883.0
80.0,337.0,935.0,337.0,112.3333333,935.0,233.75,38735.0,19367.5,38377.0,358.0,104.0,136.0,36.99000037,112.3333333,233.75,337.0,935.0,26883.0
80.0,350.0,935.0,350.0,116.6666667,935.0,233.75,33951.0,16975.5,33665.0,286.0,104.0,136.0,81.18640398,116.6666667,233.75,350.0,935.0,26883.0
80.0,319.0,935.0,319.0,106.3333333,935.0,233.75,26545.0,13272.5,26258.0,287.0,104.0,136.0,105.6486829,106.3333333,233.75,319.0,935.0,26883.0
80.0,0.0,0.0,0.0,0.0,0.0,0.0,109.0,109.0,109.0,109.0,64.0,0.0,18348.62385,0.0,0.0,0.0,0.0,225.0
80.0,381.0,935.0,381.0,127.0,935.0,233.75,7228.0,3614.0,5068.0,2160.0,104.0,136.0,80.71676487,127.0,233.75,381.0,935.0,26883.0
80.0,349.0,935.0,349.0,116.3333333,935.0,233.75,801.0,400.5,416.0,385.0,104.0,136.0,330.3964758,116.3333333,233.75,349.0,935.0,26883.0
80.0,321.0,935.0,321.0,107.0,935.0,233.75,9017.0,4508.5,8641.0,376.0,104.0,136.0,253.7427049,107.0,233.75,321.0,935.0,26883.0
80.0,321.0,935.0,321.0,107.0,935.0,233.75,11907.0,5953.5,9249.0,2658.0,104.0,136.0,52.34871222,107.0,233.75,321.0,935.0,26883.0
80.0,327.0,935.0,327.0,109.0,935.0,233.75,5094.0,2547.0,2772.0,2322.0,104.0,136.0,57.38990703,109.0,233.75,327.0,935.0,26883.0
80.0,319.0,935.0,319.0,106.3333333,935.0,233.75,37694.0,18847.0,37055.0,639.0,104.0,136.0,58.36802988,106.3333333,233.75,319.0,935.0,26883.0
80.0,351.0,935.0,351.0,117.0,935.0,233.75,33260.0,16630.0,32999.0,261.0,104.0,136.0,47.89654347,117.0,233.75,351.0,935.0,26883.0
80.0,0.0,0.0,0.0,0.0,0.0,0.0,63.0,63.0,63.0,63.0,64.0,0.0,31746.03175,0.0,0.0,0.0,0.0,225.0
80.0,348.0,935.0,348.0,116.0,935.0,233.75,39235.0,19617.5,38983.0,252.0,104.0,136.0,37.80432481,116.0,233.75,348.0,935.0,26883.0
80.0,337.0,935.0,337.0,112.3333333,935.0,233.75,51498.0,25749.0,51087.0,411.0,104.0,136.0,33.14733993,112.3333333,233.75,337.0,935.0,26883.0
80.0,327.0,935.0,327.0,109.0,935.0,233.75,35653.0,17826.5,35387.0,266.0,104.0,136.0,81.23036933,109.0,233.75,327.0,935.0,26883.0
80.0,309.0,935.0,309.0,103.0,935.0,233.75,28726.0,14363.0,28428.0,298.0,104.0,136.0,98.45426799,103.0,233.75,309.0,935.0,26883.0
80.0,365.0,935.0,365.0,121.6666667,935.0,233.75,19048.0,9524.0,18715.0,333.0,104.0,136.0,151.82186230000005,121.6666667,233.75,365.0,935.0,26883.0
80.0,333.0,935.0,333.0,111.0,935.0,233.75,9585.0,4792.5,9320.0,265.0,104.0,136.0,267.0702395,111.0,233.75,333.0,935.0,26883.0
80.0,338.0,935.0,338.0,112.6666667,935.0,233.75,28950.0,14475.0,28554.0,396.0,104.0,136.0,101.1054193,112.6666667,233.75,338.0,935.0,26883.0
80.0,352.0,935.0,352.0,117.3333333,935.0,233.75,5673.0,2836.5,5389.0,284.0,104.0,136.0,230.9468822,117.3333333,233.75,352.0,935.0,26883.0
80.0,322.0,935.0,322.0,107.3333333,935.0,233.75,51624.0,25812.0,51371.0,253.0,104.0,136.0,37.83340689999999,107.3333333,233.75,322.0,935.0,26883.0
80.0,0.0,0.0,0.0,0.0,0.0,0.0,56.0,56.0,56.0,56.0,64.0,0.0,35714.285710000004,0.0,0.0,0.0,0.0,225.0
80.0,321.0,935.0,321.0,107.0,935.0,233.75,34420.0,17210.0,33955.0,465.0,104.0,136.0,83.10939967,107.0,233.75,321.0,935.0,26883.0
80.0,408.0,935.0,408.0,136.0,935.0,233.75,33449.0,16724.5,33166.0,283.0,104.0,136.0,88.99964399999998,136.0,233.75,408.0,935.0,26883.0
80.0,328.0,935.0,328.0,109.3333333,935.0,233.75,22415.0,11207.5,22156.0,259.0,104.0,136.0,120.6660767,109.3333333,233.75,328.0,935.0,26883.0
80.0,351.0,935.0,351.0,117.0,935.0,233.75,7680.0,3840.0,4386.0,3294.0,104.0,136.0,60.74842054,117.0,233.75,351.0,935.0,26883.0
80.0,411.0,935.0,411.0,137.0,935.0,233.75,3667.0,1833.5,3415.0,252.0,104.0,136.0,380.6623525,137.0,233.75,411.0,935.0,26883.0
80.0,392.0,935.0,392.0,78.4,935.0,311.6666667,33288.0,8322.0,20470.0,275.0,168.0,104.0,150.20427780000003,78.4,311.6666667,392.0,935.0,26883.0
80.0,354.0,935.0,354.0,118.0,935.0,233.75,27361.0,13680.5,27106.0,255.0,104.0,136.0,77.09109598,118.0,233.75,354.0,935.0,26883.0
80.0,0.0,0.0,0.0,0.0,0.0,0.0,28.0,28.0,28.0,28.0,64.0,0.0,71428.57143,0.0,0.0,0.0,0.0,225.0
80.0,362.0,935.0,362.0,120.6666667,935.0,233.75,12186.0,6093.0,11919.0,267.0,104.0,136.0,160.1537476,120.6666667,233.75,362.0,935.0,26883.0
80.0,0.0,0.0,0.0,0.0,0.0,0.0,96.0,96.0,96.0,96.0,64.0,0.0,20833.33333,0.0,0.0,0.0,0.0,225.0
80.0,338.0,935.0,338.0,112.6666667,935.0,233.75,29331.0,14665.5,29039.0,292.0,104.0,136.0,97.00261907,112.6666667,233.75,338.0,935.0,26883.0
80.0,347.0,935.0,347.0,115.6666667,935.0,233.75,22604.0,11302.0,22345.0,259.0,104.0,136.0,61.50439756,115.6666667,233.75,347.0,935.0,26883.0
80.0,0.0,0.0,0.0,0.0,0.0,0.0,106.0,106.0,106.0,106.0,64.0,0.0,18867.92453,0.0,0.0,0.0,0.0,225.0
80.0,331.0,935.0,331.0,110.3333333,935.0,233.75,35453.0,17726.5,35118.0,335.0,104.0,136.0,82.71754715,110.3333333,233.75,331.0,935.0,26883.0
80.0,0.0,0.0,0.0,0.0,0.0,0.0,98.0,98.0,98.0,98.0,64.0,0.0,20408.16327,0.0,0.0,0.0,0.0,225.0
80.0,373.0,935.0,373.0,124.3333333,935.0,233.75,11369.0,5684.5,11129.0,240.0,104.0,136.0,197.8630787,124.3333333,233.75,373.0,935.0,26883.0
80.0,342.0,935.0,342.0,114.0,935.0,233.75,10907.0,5453.5,6943.0,3964.0,104.0,136.0,56.60056978,114.0,233.75,342.0,935.0,26883.0
80.0,648.0,935.0,324.0,162.0,935.0,233.75,220325.0,73441.66667,212688.0,819.0,136.0,136.0,14.51336681,162.0,233.75,648.0,935.0,26883.0
80.0,403.0,935.0,403.0,134.33333330000002,935.0,233.75,12660.0,6330.0,8888.0,3772.0,104.0,136.0,55.80045756,134.33333330000002,233.75,403.0,935.0,26883.0
80.0,393.0,935.0,393.0,131.0,935.0,233.75,8991.0,4495.5,8311.0,680.0,104.0,136.0,82.52867872,131.0,233.75,393.0,935.0,26883.0
80.0,359.0,935.0,359.0,119.6666667,935.0,233.75,6125.0,3062.5,5867.0,258.0,104.0,136.0,455.9270517,119.6666667,233.75,359.0,935.0,26883.0
80.0,341.0,935.0,341.0,113.6666667,935.0,233.75,29838.0,14919.0,29529.0,309.0,104.0,136.0,60.641588,113.6666667,233.75,341.0,935.0,26883.0
80.0,371.0,935.0,371.0,123.6666667,935.0,233.75,3548.0,1774.0,3279.0,269.0,104.0,136.0,295.2755906000001,123.6666667,233.75,371.0,935.0,26883.0
80.0,0.0,0.0,0.0,0.0,0.0,0.0,113.0,113.0,113.0,113.0,64.0,0.0,17699.11504,0.0,0.0,0.0,0.0,225.0
80.0,0.0,0.0,0.0,0.0,0.0,0.0,83.0,83.0,83.0,83.0,64.0,0.0,24096.38554,0.0,0.0,0.0,0.0,225.0
80.0,352.0,935.0,352.0,117.3333333,935.0,233.75,6266.0,3133.0,5981.0,285.0,104.0,136.0,139.185302,117.3333333,233.75,352.0,935.0,26883.0
80.0,311.0,935.0,311.0,103.6666667,935.0,233.75,40387.0,20193.5,40094.0,293.0,104.0,136.0,45.37067844,103.6666667,233.75,311.0,935.0,26883.0
80.0,384.0,935.0,384.0,128.0,935.0,233.75,7969.0,3984.5,6282.0,1687.0,104.0,136.0,56.37296353,128.0,233.75,384.0,935.0,26883.0
80.0,340.0,935.0,340.0,113.3333333,935.0,233.75,10217.0,5108.5,9171.0,1046.0,104.0,136.0,61.73093543,113.3333333,233.75,340.0,935.0,26883.0
80.0,309.0,935.0,309.0,103.0,935.0,233.75,30082.0,15041.0,29451.0,631.0,104.0,136.0,97.86651008,103.0,233.75,309.0,935.0,26883.0
80.0,367.0,935.0,367.0,122.3333333,935.0,233.75,35532.0,17766.0,35252.0,280.0,104.0,136.0,37.7600725,122.3333333,233.75,367.0,935.0,26883.0
80.0,368.0,935.0,368.0,122.6666667,935.0,233.75,11592.0,5796.0,11291.0,301.0,104.0,136.0,147.275405,122.6666667,233.75,368.0,935.0,26883.0
80.0,367.0,935.0,367.0,122.3333333,935.0,233.75,2207.0,1103.5,1845.0,362.0,104.0,136.0,239.7315007,122.3333333,233.75,367.0,935.0,26883.0
80.0,0.0,0.0,0.0,0.0,0.0,0.0,49.0,49.0,49.0,49.0,64.0,0.0,40816.32653,0.0,0.0,0.0,0.0,225.0
80.0,343.0,935.0,343.0,114.3333333,935.0,233.75,19362.0,9681.0,19093.0,269.0,104.0,136.0,70.68303372,114.3333333,233.75,343.0,935.0,26883.0
80.0,0.0,0.0,0.0,0.0,0.0,0.0,117.0,117.0,117.0,117.0,64.0,0.0,17094.01709,0.0,0.0,0.0,0.0,225.0
80.0,351.0,935.0,351.0,117.0,935.0,233.75,15998.0,7999.0,15694.0,304.0,104.0,136.0,109.5650268,117.0,233.75,351.0,935.0,26883.0
80.0,309.0,935.0,309.0,103.0,935.0,233.75,20728.0,10364.0,20446.0,282.0,104.0,136.0,79.09306617,103.0,233.75,309.0,935.0,26883.0
80.0,331.0,935.0,331.0,110.3333333,935.0,233.75,30772.0,15386.0,30324.0,448.0,104.0,136.0,45.06128335,110.3333333,233.75,331.0,935.0,26883.0
80.0,338.0,935.0,338.0,112.6666667,935.0,233.75,38090.0,19045.0,36478.0,1612.0,104.0,136.0,58.65217306,112.6666667,233.75,338.0,935.0,26883.0
80.0,369.0,935.0,369.0,123.0,935.0,233.75,28262.0,14131.0,28028.0,234.0,104.0,136.0,100.2171371,123.0,233.75,369.0,935.0,26883.0
80.0,0.0,0.0,0.0,0.0,0.0,0.0,98.0,98.0,98.0,98.0,64.0,0.0,20408.16327,0.0,0.0,0.0,0.0,225.0
80.0,306.0,935.0,306.0,102.0,935.0,233.75,27158.0,13579.0,26815.0,343.0,104.0,136.0,65.55944056,102.0,233.75,306.0,935.0,26883.0
80.0,310.0,935.0,310.0,103.3333333,935.0,233.75,44363.0,22181.5,43768.0,595.0,104.0,136.0,52.21023321,103.3333333,233.75,310.0,935.0,26883.0
80.0,299.0,935.0,299.0,99.66666667,935.0,233.75,10007.0,5003.5,7454.0,2553.0,104.0,136.0,60.50460843,99.66666667,233.75,299.0,935.0,26883.0
80.0,324.0,935.0,324.0,108.0,935.0,233.75,29466.0,14733.0,29069.0,397.0,104.0,136.0,100.8403361,108.0,233.75,324.0,935.0,26883.0
80.0,342.0,935.0,342.0,114.0,935.0,233.75,16245.0,8122.5,15981.0,264.0,104.0,136.0,152.4622656,114.0,233.75,342.0,935.0,26883.0
80.0,0.0,0.0,0.0,0.0,0.0,0.0,4.0,4.0,4.0,4.0,64.0,0.0,500000.0,0.0,0.0,0.0,0.0,225.0
80.0,342.0,935.0,342.0,114.0,935.0,233.75,7628.0,3814.0,7321.0,307.0,104.0,136.0,208.913649,114.0,233.75,342.0,935.0,26883.0
80.0,309.0,935.0,309.0,103.0,935.0,233.75,28075.0,14037.5,27744.0,331.0,104.0,136.0,45.77566871,103.0,233.75,309.0,935.0,26883.0
80.0,354.0,935.0,354.0,118.0,935.0,233.75,41679.0,20839.5,41375.0,304.0,104.0,136.0,67.33855581,118.0,233.75,354.0,935.0,26883.0
80.0,330.0,935.0,330.0,110.0,935.0,233.75,4629.0,2314.5,2785.0,1844.0,104.0,136.0,64.46621970000001,110.0,233.75,330.0,935.0,26883.0
80.0,353.0,935.0,353.0,117.6666667,935.0,233.75,27208.0,13604.0,26895.0,313.0,104.0,136.0,104.8657718,117.6666667,233.75,353.0,935.0,26883.0
80.0,370.0,935.0,370.0,123.3333333,935.0,233.75,13379.0,6689.5,13115.0,264.0,104.0,136.0,116.0945784,123.3333333,233.75,370.0,935.0,26883.0
80.0,0.0,0.0,0.0,0.0,0.0,0.0,15.0,15.0,15.0,15.0,64.0,0.0,133333.3333,0.0,0.0,0.0,0.0,225.0
80.0,377.0,935.0,377.0,125.6666667,935.0,233.75,7550.0,3775.0,3779.0,3771.0,104.0,136.0,58.27732235,125.6666667,233.75,377.0,935.0,26883.0
80.0,305.0,935.0,305.0,101.6666667,935.0,233.75,7455.0,3727.5,7149.0,306.0,104.0,136.0,212.7206977,101.6666667,233.75,305.0,935.0,26883.0
80.0,0.0,0.0,0.0,0.0,0.0,0.0,38.0,38.0,38.0,38.0,64.0,0.0,52631.57895,0.0,0.0,0.0,0.0,225.0
80.0,304.0,935.0,304.0,101.3333333,935.0,233.75,23893.0,11946.5,23558.0,335.0,104.0,136.0,81.20178644,101.3333333,233.75,304.0,935.0,26883.0
80.0,324.0,935.0,324.0,108.0,935.0,233.75,2519.0,1259.5,2218.0,301.0,104.0,136.0,422.3567507,108.0,233.75,324.0,935.0,26883.0
80.0,358.0,935.0,358.0,119.3333333,935.0,233.75,81246.0,40623.0,80957.0,289.0,104.0,136.0,33.45040977,119.3333333,233.75,358.0,935.0,26883.0
80.0,0.0,0.0,0.0,0.0,0.0,0.0,25.0,25.0,25.0,25.0,64.0,0.0,80000.0,0.0,0.0,0.0,0.0,225.0
80.0,0.0,0.0,0.0,0.0,0.0,0.0,99.0,99.0,99.0,99.0,64.0,0.0,20202.0202,0.0,0.0,0.0,0.0,225.0
80.0,355.0,935.0,355.0,118.3333333,935.0,233.75,14512.0,7256.0,14238.0,274.0,104.0,136.0,137.65888130000002,118.3333333,233.75,355.0,935.0,26883.0
80.0,324.0,935.0,324.0,108.0,935.0,233.75,1850.0,925.0,1540.0,310.0,104.0,136.0,290.2195995,108.0,233.75,324.0,935.0,26883.0
80.0,351.0,935.0,351.0,117.0,935.0,233.75,38401.0,19200.5,38119.0,282.0,104.0,136.0,74.02837754,117.0,233.75,351.0,935.0,26883.0
80.0,313.0,935.0,313.0,104.3333333,935.0,233.75,5890.0,2945.0,3861.0,2029.0,104.0,136.0,76.16726331,104.3333333,233.75,313.0,935.0,26883.0
80.0,319.0,935.0,319.0,106.3333333,935.0,233.75,34121.0,17060.5,33847.0,274.0,104.0,136.0,85.19096976,106.3333333,233.75,319.0,935.0,26883.0
80.0,327.0,935.0,327.0,109.0,935.0,233.75,42596.0,21298.0,42322.0,274.0,104.0,136.0,66.79134384,109.0,233.75,327.0,935.0,26883.0
80.0,367.0,935.0,367.0,122.3333333,935.0,233.75,18256.0,9128.0,17939.0,317.0,104.0,136.0,154.06737880000003,122.3333333,233.75,367.0,935.0,26883.0
80.0,332.0,935.0,332.0,110.6666667,935.0,233.75,2999.0,1499.5,2734.0,265.0,104.0,136.0,100.391527,110.6666667,233.75,332.0,935.0,26883.0
80.0,354.0,935.0,354.0,118.0,935.0,233.75,22288.0,11144.0,22044.0,244.0,104.0,136.0,83.08868332,118.0,233.75,354.0,935.0,26883.0
80.0,354.0,935.0,354.0,118.0,935.0,233.75,32844.0,16422.0,32595.0,249.0,104.0,136.0,42.0073933,118.0,233.75,354.0,935.0,26883.0
80.0,297.0,935.0,297.0,99.0,935.0,233.75,34668.0,17334.0,34408.0,260.0,104.0,136.0,85.61888182,99.0,233.75,297.0,935.0,26883.0
80.0,319.0,935.0,319.0,106.3333333,935.0,233.75,18768.0,9384.0,18532.0,236.0,104.0,136.0,95.68462348,106.3333333,233.75,319.0,935.0,26883.0
80.0,308.0,935.0,308.0,102.6666667,935.0,233.75,6900.0,3450.0,5567.0,1333.0,104.0,136.0,62.76675872,102.6666667,233.75,308.0,935.0,26883.0
80.0,335.0,935.0,335.0,111.6666667,935.0,233.75,6262.0,3131.0,6005.0,257.0,104.0,136.0,315.6233561,111.6666667,233.75,335.0,935.0,26883.0
80.0,0.0,0.0,0.0,0.0,0.0,0.0,79.0,79.0,79.0,79.0,64.0,0.0,25316.4557,0.0,0.0,0.0,0.0,225.0
80.0,413.0,935.0,413.0,137.66666669999998,935.0,233.75,36560.0,18280.0,36316.0,244.0,104.0,136.0,77.49535028,137.66666669999998,233.75,413.0,935.0,26883.0
80.0,311.0,935.0,311.0,103.6666667,935.0,233.75,9473.0,4736.5,9189.0,284.0,104.0,136.0,80.40524242,103.6666667,233.75,311.0,935.0,26883.0
80.0,370.0,935.0,370.0,123.3333333,935.0,233.75,1374.0,687.0,946.0,428.0,104.0,136.0,229.7266253,123.3333333,233.75,370.0,935.0,26883.0
80.0,301.0,935.0,301.0,100.3333333,935.0,233.75,19055.0,9527.5,18762.0,293.0,104.0,136.0,154.6471468,100.3333333,233.75,301.0,935.0,26883.0
80.0,330.0,935.0,330.0,110.0,935.0,233.75,35322.0,17661.0,35059.0,263.0,104.0,136.0,82.90499088,110.0,233.75,330.0,935.0,26883.0
80.0,361.0,935.0,361.0,120.3333333,935.0,233.75,60792.0,30396.0,58306.0,2486.0,104.0,136.0,42.48449316,120.3333333,233.75,361.0,935.0,26883.0
80.0,347.0,935.0,347.0,115.6666667,935.0,233.75,36450.0,18225.0,36151.0,299.0,104.0,136.0,35.44884141,115.6666667,233.75,347.0,935.0,26883.0
80.0,377.0,935.0,377.0,125.6666667,935.0,233.75,7911.0,3955.5,5463.0,2448.0,104.0,136.0,59.56635692,125.6666667,233.75,377.0,935.0,26883.0
80.0,360.0,935.0,360.0,120.0,935.0,233.75,1673.0,836.5,1331.0,342.0,104.0,136.0,1314.060447,120.0,233.75,360.0,935.0,26883.0
80.0,0.0,0.0,0.0,0.0,0.0,0.0,37.0,37.0,37.0,37.0,64.0,0.0,54054.05405,0.0,0.0,0.0,0.0,225.0
80.0,360.0,935.0,360.0,120.0,935.0,233.75,28023.0,14011.5,27733.0,290.0,104.0,136.0,94.78074055,120.0,233.75,360.0,935.0,26883.0
80.0,320.0,935.0,320.0,106.6666667,935.0,233.75,22286.0,11143.0,22017.0,269.0,104.0,136.0,110.5379514,106.6666667,233.75,320.0,935.0,26883.0
80.0,357.0,935.0,357.0,119.0,935.0,233.75,23063.0,11531.5,22810.0,253.0,104.0,136.0,114.2552462,119.0,233.75,357.0,935.0,26883.0
80.0,327.0,935.0,327.0,65.4,935.0,311.6666667,39689.0,9922.25,22457.0,353.0,168.0,104.0,125.9794905,65.4,311.6666667,327.0,935.0,26883.0
80.0,363.0,935.0,363.0,121.0,935.0,233.75,43372.0,21686.0,42518.0,854.0,104.0,136.0,40.34210102,121.0,233.75,363.0,935.0,26883.0
80.0,359.0,935.0,359.0,119.6666667,935.0,233.75,11456.0,5728.0,11144.0,312.0,104.0,136.0,53.08043455,119.6666667,233.75,359.0,935.0,26883.0
80.0,311.0,935.0,311.0,103.6666667,935.0,233.75,32402.0,16201.0,32088.0,314.0,104.0,136.0,90.4731747,103.6666667,233.75,311.0,935.0,26883.0
80.0,390.0,935.0,390.0,130.0,935.0,233.75,26398.0,13199.0,26063.0,335.0,104.0,136.0,97.13138639,130.0,233.75,390.0,935.0,26883.0
80.0,329.0,935.0,329.0,109.6666667,935.0,233.75,21029.0,10514.5,20756.0,273.0,104.0,136.0,129.8195508,109.6666667,233.75,329.0,935.0,26883.0
80.0,354.0,935.0,354.0,118.0,935.0,233.75,20034.0,10017.0,19767.0,267.0,104.0,136.0,135.0682094,118.0,233.75,354.0,935.0,26883.0
80.0,329.0,935.0,329.0,109.6666667,935.0,233.75,23982.0,11991.0,23673.0,309.0,104.0,136.0,39.7909648,109.6666667,233.75,329.0,935.0,26883.0
80.0,358.0,935.0,358.0,119.3333333,935.0,233.75,10841.0,5420.5,10574.0,267.0,104.0,136.0,134.28226130000002,119.3333333,233.75,358.0,935.0,26883.0
80.0,416.0,935.0,416.0,138.66666669999998,935.0,233.75,1234.0,617.0,932.0,302.0,104.0,136.0,253.2286655,138.66666669999998,233.75,416.0,935.0,26883.0
80.0,333.0,935.0,333.0,111.0,935.0,233.75,24757.0,12378.5,21560.0,3197.0,104.0,136.0,55.80357143,111.0,233.75,333.0,935.0,26883.0
80.0,340.0,935.0,340.0,113.3333333,935.0,233.75,6632.0,3316.0,6390.0,242.0,104.0,136.0,242.9740018,113.3333333,233.75,340.0,935.0,26883.0
80.0,321.0,935.0,321.0,107.0,935.0,233.75,7920.0,3960.0,4053.0,3867.0,104.0,136.0,63.16587358,107.0,233.75,321.0,935.0,26883.0
80.0,330.0,935.0,330.0,110.0,935.0,233.75,7831.0,3915.5,7571.0,260.0,104.0,136.0,156.8545436,110.0,233.75,330.0,935.0,26883.0
80.0,379.0,935.0,379.0,126.3333333,935.0,233.75,6880.0,3440.0,6605.0,275.0,104.0,136.0,392.3620194,126.3333333,233.75,379.0,935.0,26883.0
80.0,351.0,935.0,351.0,117.0,935.0,233.75,30150.0,15075.0,29902.0,248.0,104.0,136.0,53.03164221,117.0,233.75,351.0,935.0,26883.0
80.0,319.0,935.0,319.0,106.3333333,935.0,233.75,758.0,379.0,502.0,256.0,104.0,136.0,265.11134680000004,106.3333333,233.75,319.0,935.0,26883.0
80.0,341.0,935.0,341.0,113.6666667,935.0,233.75,15583.0,7791.5,15324.0,259.0,104.0,136.0,126.11930890000002,113.6666667,233.75,341.0,935.0,26883.0
80.0,0.0,0.0,0.0,0.0,0.0,0.0,57.0,57.0,57.0,57.0,64.0,0.0,35087.7193,0.0,0.0,0.0,0.0,225.0
80.0,355.0,935.0,355.0,118.3333333,935.0,233.75,6636.0,3318.0,6333.0,303.0,104.0,136.0,221.4512438,118.3333333,233.75,355.0,935.0,26883.0
80.0,311.0,935.0,311.0,103.6666667,935.0,233.75,78402.0,39201.0,78164.0,238.0,104.0,136.0,33.66285528,103.6666667,233.75,311.0,935.0,26883.0
80.0,411.0,935.0,411.0,137.0,935.0,233.75,13299.0,6649.5,10360.0,2939.0,104.0,136.0,51.01260011,137.0,233.75,411.0,935.0,26883.0
80.0,384.0,935.0,384.0,128.0,935.0,233.75,30612.0,15306.0,30253.0,359.0,104.0,136.0,94.41979039,128.0,233.75,384.0,935.0,26883.0
80.0,331.0,935.0,331.0,110.3333333,935.0,233.75,6501.0,3250.5,6231.0,270.0,104.0,136.0,272.3806065,110.3333333,233.75,331.0,935.0,26883.0
80.0,326.0,935.0,326.0,108.6666667,935.0,233.75,38366.0,19183.0,38129.0,237.0,104.0,136.0,74.87458507,108.6666667,233.75,326.0,935.0,26883.0
80.0,317.0,935.0,317.0,105.6666667,935.0,233.75,29173.0,14586.5,28855.0,318.0,104.0,136.0,91.94275031,105.6666667,233.75,317.0,935.0,26883.0
80.0,315.0,935.0,315.0,105.0,935.0,233.75,12577.0,6288.5,11784.0,793.0,104.0,136.0,56.22505013,105.0,233.75,315.0,935.0,26883.0
80.0,0.0,0.0,0.0,0.0,0.0,0.0,46.0,46.0,46.0,46.0,64.0,0.0,43478.26087,0.0,0.0,0.0,0.0,225.0
80.0,408.0,935.0,408.0,136.0,935.0,233.75,69037.0,34518.5,68787.0,250.0,104.0,136.0,37.83865597,136.0,233.75,408.0,935.0,26883.0
80.0,304.0,935.0,304.0,101.3333333,935.0,233.75,5975.0,2987.5,5703.0,272.0,104.0,136.0,89.28571429,101.3333333,233.75,304.0,935.0,26883.0
80.0,343.0,935.0,343.0,114.3333333,935.0,233.75,9182.0,4591.0,8938.0,244.0,104.0,136.0,169.5011018,114.3333333,233.75,343.0,935.0,26883.0
80.0,329.0,935.0,329.0,109.6666667,935.0,233.75,47426.0,23713.0,47160.0,266.0,104.0,136.0,62.49869794,109.6666667,233.75,329.0,935.0,26883.0
80.0,334.0,935.0,334.0,111.3333333,935.0,233.75,7459.0,3729.5,4403.0,3056.0,104.0,136.0,68.25006825,111.3333333,233.75,334.0,935.0,26883.0
80.0,0.0,0.0,0.0,0.0,0.0,0.0,99.0,99.0,99.0,99.0,64.0,0.0,20202.0202,0.0,0.0,0.0,0.0,225.0
80.0,359.0,935.0,359.0,119.6666667,935.0,233.75,6546.0,3273.0,3849.0,2697.0,104.0,136.0,71.4353748,119.6666667,233.75,359.0,935.0,26883.0
80.0,306.0,935.0,306.0,102.0,935.0,233.75,25923.0,12961.5,25607.0,316.0,104.0,136.0,104.9832027,102.0,233.75,306.0,935.0,26883.0
80.0,0.0,0.0,0.0,0.0,0.0,0.0,66.0,66.0,66.0,66.0,64.0,0.0,30303.0303,0.0,0.0,0.0,0.0,225.0
80.0,324.0,935.0,324.0,81.0,935.0,233.75,31758.0,10586.0,18651.0,404.0,136.0,136.0,122.1635159,81.0,233.75,324.0,935.0,26883.0
80.0,356.0,935.0,356.0,118.6666667,935.0,233.75,26404.0,13202.0,26156.0,248.0,104.0,136.0,70.51191651,118.6666667,233.75,356.0,935.0,26883.0
80.0,307.0,935.0,307.0,102.3333333,935.0,233.75,26311.0,13155.5,25947.0,364.0,104.0,136.0,104.8218029,102.3333333,233.75,307.0,935.0,26883.0
80.0,338.0,935.0,338.0,112.6666667,935.0,233.75,22848.0,11424.0,22536.0,312.0,104.0,136.0,64.44544693,112.6666667,233.75,338.0,935.0,26883.0
80.0,360.0,935.0,360.0,120.0,935.0,233.75,35600.0,17800.0,35262.0,338.0,104.0,136.0,83.00821781,120.0,233.75,360.0,935.0,26883.0
80.0,0.0,0.0,0.0,0.0,0.0,0.0,72.0,72.0,72.0,72.0,64.0,0.0,27777.77778,0.0,0.0,0.0,0.0,225.0
80.0,355.0,935.0,355.0,118.3333333,935.0,233.75,22758.0,11379.0,22491.0,267.0,104.0,136.0,112.1076233,118.3333333,233.75,355.0,935.0,26883.0
80.0,375.0,935.0,375.0,125.0,935.0,233.75,11904.0,5952.0,9514.0,2390.0,104.0,136.0,57.20496539,125.0,233.75,375.0,935.0,26883.0
80.0,349.0,935.0,349.0,116.3333333,935.0,233.75,37112.0,18556.0,36870.0,242.0,104.0,136.0,52.71481286,116.3333333,233.75,349.0,935.0,26883.0
80.0,0.0,0.0,0.0,0.0,0.0,0.0,105.0,105.0,105.0,105.0,64.0,0.0,19047.61905,0.0,0.0,0.0,0.0,225.0
80.0,340.0,935.0,340.0,113.3333333,935.0,233.75,41221.0,20610.5,40958.0,263.0,104.0,136.0,42.93934102,113.3333333,233.75,340.0,935.0,26883.0
80.0,368.0,935.0,368.0,122.6666667,935.0,233.75,18456.0,9228.0,18133.0,323.0,104.0,136.0,116.2385214,122.6666667,233.75,368.0,935.0,26883.0
80.0,374.0,935.0,374.0,124.6666667,935.0,233.75,2966.0,1483.0,2704.0,262.0,104.0,136.0,132.310135,124.6666667,233.75,374.0,935.0,26883.0
80.0,345.0,935.0,345.0,115.0,935.0,233.75,5447.0,2723.5,5207.0,240.0,104.0,136.0,80.04268943,115.0,233.75,345.0,935.0,26883.0
80.0,303.0,935.0,303.0,101.0,935.0,233.75,21022.0,10511.0,20698.0,324.0,104.0,136.0,126.8928179,101.0,233.75,303.0,935.0,26883.0
80.0,415.0,935.0,415.0,138.33333330000002,935.0,233.75,38803.0,19401.5,38564.0,239.0,104.0,136.0,75.35795026,138.33333330000002,233.75,415.0,935.0,26883.0
80.0,414.0,935.0,414.0,138.0,935.0,233.75,16627.0,8313.5,8479.0,8148.0,104.0,136.0,66.58085135,138.0,233.75,414.0,935.0,26883.0
80.0,0.0,0.0,0.0,0.0,0.0,0.0,111.0,111.0,111.0,111.0,64.0,0.0,18018.01802,0.0,0.0,0.0,0.0,225.0
80.0,375.0,935.0,375.0,125.0,935.0,233.75,4948.0,2474.0,4673.0,275.0,104.0,136.0,107.1811361,125.0,233.75,375.0,935.0,26883.0
80.0,399.0,935.0,399.0,133.0,935.0,233.75,16712.0,8356.0,16024.0,688.0,104.0,136.0,100.536193,133.0,233.75,399.0,935.0,26883.0
80.0,367.0,935.0,367.0,122.3333333,935.0,233.75,29002.0,14501.0,28523.0,479.0,104.0,136.0,39.63221306,122.3333333,233.75,367.0,935.0,26883.0
80.0,347.0,935.0,347.0,115.6666667,935.0,233.75,42483.0,21241.5,42205.0,278.0,104.0,136.0,67.68342207,115.6666667,233.75,347.0,935.0,26883.0
80.0,374.0,935.0,374.0,124.6666667,935.0,233.75,11859.0,5929.5,9964.0,1895.0,104.0,136.0,57.28142363,124.6666667,233.75,374.0,935.0,26883.0
80.0,373.0,935.0,373.0,124.3333333,935.0,233.75,25541.0,12770.5,25207.0,334.0,104.0,136.0,112.07411840000002,124.3333333,233.75,373.0,935.0,26883.0
80.0,323.0,935.0,323.0,107.6666667,935.0,233.75,22194.0,11097.0,21943.0,251.0,104.0,136.0,115.7988189,107.6666667,233.75,323.0,935.0,26883.0
80.0,346.0,935.0,346.0,115.3333333,935.0,233.75,23554.0,11777.0,23255.0,299.0,104.0,136.0,77.60962359,115.3333333,233.75,346.0,935.0,26883.0
80.0,337.0,935.0,337.0,112.3333333,935.0,233.75,26740.0,13370.0,26429.0,311.0,104.0,136.0,93.49289454,112.3333333,233.75,337.0,935.0,26883.0
80.0,351.0,935.0,351.0,117.0,935.0,233.75,13006.0,6503.0,12331.0,675.0,104.0,136.0,58.72105541,117.0,233.75,351.0,935.0,26883.0
80.0,375.0,935.0,375.0,125.0,935.0,233.75,12215.0,6107.5,11928.0,287.0,104.0,136.0,195.0965728,125.0,233.75,375.0,935.0,26883.0
80.0,0.0,0.0,0.0,0.0,0.0,0.0,107.0,107.0,107.0,107.0,64.0,0.0,18691.58879,0.0,0.0,0.0,0.0,225.0
80.0,330.0,935.0,330.0,110.0,935.0,233.75,16499.0,8249.5,16212.0,287.0,104.0,136.0,140.2196775,110.0,233.75,330.0,935.0,26883.0
80.0,349.0,935.0,349.0,116.3333333,935.0,233.75,7264.0,3632.0,6347.0,917.0,104.0,136.0,58.38961443,116.3333333,233.75,349.0,935.0,26883.0
80.0,380.0,935.0,380.0,126.6666667,935.0,233.75,3585.0,1792.5,3301.0,284.0,104.0,136.0,81.05041336,126.6666667,233.75,380.0,935.0,26883.0
80.0,290.0,935.0,290.0,96.66666667,935.0,233.75,30908.0,15454.0,30643.0,265.0,104.0,136.0,93.72364023,96.66666667,233.75,290.0,935.0,26883.0
80.0,335.0,935.0,335.0,111.6666667,935.0,233.75,29046.0,14523.0,28718.0,328.0,104.0,136.0,70.7780871,111.6666667,233.75,335.0,935.0,26883.0
80.0,325.0,935.0,325.0,108.3333333,935.0,233.75,10237.0,5118.5,6768.0,3469.0,104.0,136.0,58.57773265,108.3333333,233.75,325.0,935.0,26883.0
80.0,414.0,935.0,414.0,138.0,935.0,233.75,28996.0,14498.0,28737.0,259.0,104.0,136.0,91.34366532,138.0,233.75,414.0,935.0,26883.0
80.0,383.0,935.0,383.0,127.6666667,935.0,233.75,18805.0,9402.5,18536.0,269.0,104.0,136.0,79.10557958,127.6666667,233.75,383.0,935.0,26883.0
80.0,346.0,935.0,346.0,115.3333333,935.0,233.75,9527.0,4763.5,9204.0,323.0,104.0,136.0,176.84508369999998,115.3333333,233.75,346.0,935.0,26883.0
80.0,309.0,935.0,309.0,103.0,935.0,233.75,5313.0,2656.5,5065.0,248.0,104.0,136.0,359.7985128,103.0,233.75,309.0,935.0,26883.0
80.0,373.0,935.0,373.0,124.3333333,935.0,233.75,13122.0,6561.0,10545.0,2577.0,104.0,136.0,57.78008898,124.3333333,233.75,373.0,935.0,26883.0
80.0,300.0,935.0,300.0,100.0,935.0,233.75,25570.0,12785.0,25316.0,254.0,104.0,136.0,101.3068585,100.0,233.75,300.0,935.0,26883.0
80.0,410.0,935.0,410.0,136.66666669999998,935.0,233.75,11574.0,5787.0,11229.0,345.0,104.0,136.0,137.65888130000002,136.66666669999998,233.75,410.0,935.0,26883.0
80.0,341.0,935.0,341.0,113.6666667,935.0,233.75,53752.0,26876.0,53455.0,297.0,104.0,136.0,33.89370933,113.6666667,233.75,341.0,935.0,26883.0
80.0,353.0,935.0,353.0,117.6666667,935.0,233.75,25316.0,12658.0,25047.0,269.0,104.0,136.0,116.10805790000002,117.6666667,233.75,353.0,935.0,26883.0
80.0,374.0,935.0,374.0,124.6666667,935.0,233.75,12483.0,6241.5,8113.0,4370.0,104.0,136.0,54.09304003,124.6666667,233.75,374.0,935.0,26883.0
80.0,352.0,935.0,352.0,117.3333333,935.0,233.75,17005.0,8502.5,16738.0,267.0,104.0,136.0,63.68615463,117.3333333,233.75,352.0,935.0,26883.0
80.0,347.0,935.0,347.0,115.6666667,935.0,233.75,8506.0,4253.0,8206.0,300.0,104.0,136.0,217.6910239,115.6666667,233.75,347.0,935.0,26883.0
80.0,318.0,935.0,318.0,106.0,935.0,233.75,31843.0,15921.5,31496.0,347.0,104.0,136.0,88.06693087,106.0,233.75,318.0,935.0,26883.0
80.0,329.0,935.0,329.0,109.6666667,935.0,233.75,2149.0,1074.5,1806.0,343.0,104.0,136.0,106.33019070000002,109.6666667,233.75,329.0,935.0,26883.0
80.0,379.0,935.0,379.0,126.3333333,935.0,233.75,45013.0,22506.5,44644.0,369.0,104.0,136.0,62.54430221,126.3333333,233.75,379.0,935.0,26883.0
80.0,415.0,935.0,415.0,138.33333330000002,935.0,233.75,7279.0,3639.5,7027.0,252.0,104.0,136.0,156.88735490000005,138.33333330000002,233.75,415.0,935.0,26883.0
80.0,353.0,935.0,353.0,117.6666667,935.0,233.75,4969.0,2484.5,3033.0,1936.0,104.0,136.0,59.47896427,117.6666667,233.75,353.0,935.0,26883.0
80.0,370.0,935.0,370.0,123.3333333,935.0,233.75,4355.0,2177.5,3182.0,1173.0,104.0,136.0,58.61092117,123.3333333,233.75,370.0,935.0,26883.0
80.0,312.0,935.0,312.0,104.0,935.0,233.75,25679.0,12839.5,25410.0,269.0,104.0,136.0,91.42160597,104.0,233.75,312.0,935.0,26883.0
80.0,0.0,0.0,0.0,0.0,0.0,0.0,33.0,33.0,33.0,33.0,64.0,0.0,60606.06061,0.0,0.0,0.0,0.0,225.0
80.0,337.0,935.0,337.0,112.3333333,935.0,233.75,11111.0,5555.5,9553.0,1558.0,104.0,136.0,64.23157624,112.3333333,233.75,337.0,935.0,26883.0
80.0,302.0,935.0,302.0,100.6666667,935.0,233.75,9020.0,4510.0,8788.0,232.0,104.0,136.0,310.0775194,100.6666667,233.75,302.0,935.0,26883.0
80.0,382.0,935.0,382.0,127.3333333,935.0,233.75,4933.0,2466.5,2796.0,2137.0,104.0,136.0,64.60643911,127.3333333,233.75,382.0,935.0,26883.0
80.0,349.0,935.0,349.0,116.3333333,935.0,233.75,36450.0,18225.0,35524.0,926.0,104.0,136.0,81.15126596,116.3333333,233.75,349.0,935.0,26883.0
80.0,324.0,935.0,324.0,108.0,935.0,233.75,8628.0,4314.0,8326.0,302.0,104.0,136.0,256.1912895,108.0,233.75,324.0,935.0,26883.0
80.0,294.0,935.0,294.0,98.0,935.0,233.75,31015.0,15507.5,30735.0,280.0,104.0,136.0,57.07653964,98.0,233.75,294.0,935.0,26883.0
80.0,327.0,935.0,327.0,109.0,935.0,233.75,22785.0,11392.5,22533.0,252.0,104.0,136.0,121.8472036,109.0,233.75,327.0,935.0,26883.0
80.0,307.0,935.0,307.0,102.3333333,935.0,233.75,15670.0,7835.0,15414.0,256.0,104.0,136.0,111.4454475,102.3333333,233.75,307.0,935.0,26883.0
80.0,308.0,935.0,308.0,102.6666667,935.0,233.75,53269.0,26634.5,52953.0,316.0,104.0,136.0,39.42336754,102.6666667,233.75,308.0,935.0,26883.0
80.0,328.0,935.0,328.0,82.0,935.0,233.75,56338.0,18779.33333,38916.0,293.0,136.0,136.0,68.44392731,82.0,233.75,328.0,935.0,26883.0
80.0,308.0,935.0,308.0,102.6666667,935.0,233.75,12963.0,6481.5,12714.0,249.0,104.0,136.0,133.3748277,102.6666667,233.75,308.0,935.0,26883.0
80.0,395.0,935.0,395.0,131.6666667,935.0,233.75,25465.0,12732.5,25161.0,304.0,104.0,136.0,57.85028347,131.6666667,233.75,395.0,935.0,26883.0
80.0,313.0,935.0,313.0,104.3333333,935.0,233.75,7074.0,3537.0,4087.0,2987.0,104.0,136.0,68.71750235,104.3333333,233.75,313.0,935.0,26883.0
80.0,373.0,935.0,373.0,124.3333333,935.0,233.75,36168.0,18084.0,35883.0,285.0,104.0,136.0,46.24705175,124.3333333,233.75,373.0,935.0,26883.0
80.0,352.0,935.0,352.0,117.3333333,935.0,233.75,17897.0,8948.5,17608.0,289.0,104.0,136.0,114.0944702,117.3333333,233.75,352.0,935.0,26883.0
80.0,340.0,935.0,340.0,113.3333333,935.0,233.75,35290.0,17645.0,34813.0,477.0,104.0,136.0,82.48329713,113.3333333,233.75,340.0,935.0,26883.0
80.0,367.0,935.0,367.0,122.3333333,935.0,233.75,8604.0,4302.0,8362.0,242.0,104.0,136.0,225.7166504,122.3333333,233.75,367.0,935.0,26883.0
80.0,306.0,935.0,306.0,102.0,935.0,233.75,22677.0,11338.5,22398.0,279.0,104.0,136.0,130.5539841,102.0,233.75,306.0,935.0,26883.0
80.0,313.0,935.0,313.0,104.3333333,935.0,233.75,15523.0,7761.5,15241.0,282.0,104.0,136.0,73.67567966,104.3333333,233.75,313.0,935.0,26883.0
80.0,376.0,935.0,376.0,125.3333333,935.0,233.75,35104.0,17552.0,34698.0,406.0,104.0,136.0,83.70302168,125.3333333,233.75,376.0,935.0,26883.0
80.0,296.0,935.0,296.0,98.66666667,935.0,233.75,11558.0,5779.0,8114.0,3444.0,104.0,136.0,53.40929322,98.66666667,233.75,296.0,935.0,26883.0
80.0,379.0,935.0,379.0,126.3333333,935.0,233.75,9504.0,4752.0,5378.0,4126.0,104.0,136.0,61.24573832,126.3333333,233.75,379.0,935.0,26883.0
80.0,360.0,935.0,360.0,120.0,935.0,233.75,5624.0,2812.0,5308.0,316.0,104.0,136.0,244.7181662,120.0,233.75,360.0,935.0,26883.0
80.0,322.0,935.0,322.0,107.3333333,935.0,233.75,25462.0,12731.0,25178.0,284.0,104.0,136.0,68.41349114,107.3333333,233.75,322.0,935.0,26883.0
80.0,365.0,935.0,365.0,121.6666667,935.0,233.75,32841.0,16420.5,32544.0,297.0,104.0,136.0,51.30573085,121.6666667,233.75,365.0,935.0,26883.0
80.0,0.0,0.0,0.0,0.0,0.0,0.0,95.0,95.0,95.0,95.0,64.0,0.0,21052.63158,0.0,0.0,0.0,0.0,225.0
80.0,328.0,935.0,328.0,109.3333333,935.0,233.75,11120.0,5560.0,9917.0,1203.0,104.0,136.0,61.84674377,109.3333333,233.75,328.0,935.0,26883.0
80.0,324.0,935.0,324.0,108.0,935.0,233.75,5833.0,2916.5,5082.0,751.0,104.0,136.0,58.97617363,108.0,233.75,324.0,935.0,26883.0
80.0,351.0,935.0,351.0,117.0,935.0,233.75,16547.0,8273.5,16263.0,284.0,104.0,136.0,176.6160367,117.0,233.75,351.0,935.0,26883.0
80.0,323.0,935.0,323.0,107.6666667,935.0,233.75,2173.0,1086.5,1907.0,266.0,104.0,136.0,322.7541689,107.6666667,233.75,323.0,935.0,26883.0
80.0,355.0,935.0,355.0,118.3333333,935.0,233.75,14712.0,7356.0,14334.0,378.0,104.0,136.0,56.79559266,118.3333333,233.75,355.0,935.0,26883.0
80.0,0.0,0.0,0.0,0.0,0.0,0.0,113.0,113.0,113.0,113.0,64.0,0.0,17699.11504,0.0,0.0,0.0,0.0,225.0
80.0,368.0,935.0,368.0,122.6666667,935.0,233.75,26028.0,13014.0,25765.0,263.0,104.0,136.0,114.1161703,122.6666667,233.75,368.0,935.0,26883.0
80.0,364.0,935.0,364.0,121.3333333,935.0,233.75,21573.0,10786.5,21245.0,328.0,104.0,136.0,130.4858423,121.3333333,233.75,364.0,935.0,26883.0
80.0,367.0,935.0,367.0,122.3333333,935.0,233.75,40925.0,20462.5,40635.0,290.0,104.0,136.0,45.98687841,122.3333333,233.75,367.0,935.0,26883.0
80.0,359.0,935.0,359.0,119.6666667,935.0,233.75,1596.0,798.0,1430.0,166.0,104.0,136.0,71.19464616,119.6666667,233.75,359.0,935.0,26883.0
80.0,358.0,935.0,358.0,119.3333333,935.0,233.75,29628.0,14814.0,29392.0,236.0,104.0,136.0,48.74323688,119.3333333,233.75,358.0,935.0,26883.0
80.0,0.0,0.0,0.0,0.0,0.0,0.0,87.0,87.0,87.0,87.0,64.0,0.0,22988.50575,0.0,0.0,0.0,0.0,225.0
80.0,353.0,935.0,353.0,117.6666667,935.0,233.75,27764.0,13882.0,27363.0,401.0,104.0,136.0,106.1270695,117.6666667,233.75,353.0,935.0,26883.0
80.0,419.0,935.0,419.0,139.66666669999998,935.0,233.75,17872.0,8936.0,9626.0,8246.0,104.0,136.0,59.24287604,139.66666669999998,233.75,419.0,935.0,26883.0
80.0,322.0,935.0,322.0,107.3333333,935.0,233.75,13315.0,6657.5,13047.0,268.0,104.0,136.0,196.28369540000003,107.3333333,233.75,322.0,935.0,26883.0
80.0,303.0,935.0,303.0,101.0,935.0,233.75,26544.0,13272.0,26251.0,293.0,104.0,136.0,56.25668048,101.0,233.75,303.0,935.0,26883.0
80.0,323.0,935.0,323.0,107.6666667,935.0,233.75,5748.0,2874.0,3029.0,2719.0,104.0,136.0,58.6212287,107.6666667,233.75,323.0,935.0,26883.0
80.0,378.0,935.0,378.0,126.0,935.0,233.75,37630.0,18815.0,35405.0,2225.0,104.0,136.0,78.26971745,126.0,233.75,378.0,935.0,26883.0
80.0,343.0,935.0,343.0,114.3333333,935.0,233.75,28862.0,14431.0,28566.0,296.0,104.0,136.0,97.26049603,114.3333333,233.75,343.0,935.0,26883.0
80.0,376.0,935.0,376.0,125.3333333,935.0,233.75,9825.0,4912.5,5395.0,4430.0,104.0,136.0,61.00288747,125.3333333,233.75,376.0,935.0,26883.0
80.0,0.0,0.0,0.0,0.0,0.0,0.0,108.0,108.0,108.0,108.0,64.0,0.0,18518.51852,0.0,0.0,0.0,0.0,225.0
80.0,352.0,935.0,352.0,117.3333333,935.0,233.75,950.0,475.0,609.0,341.0,104.0,136.0,1899.936669,117.3333333,233.75,352.0,935.0,26883.0
80.0,344.0,935.0,344.0,114.6666667,935.0,233.75,5963.0,2981.5,5057.0,906.0,104.0,136.0,63.13529895,114.6666667,233.75,344.0,935.0,26883.0
80.0,369.0,935.0,369.0,123.0,935.0,233.75,5025.0,2512.5,2690.0,2335.0,104.0,136.0,380.131779,123.0,233.75,369.0,935.0,26883.0
80.0,325.0,935.0,325.0,108.3333333,935.0,233.75,30795.0,15397.5,30505.0,290.0,104.0,136.0,87.18649191,108.3333333,233.75,325.0,935.0,26883.0
80.0,350.0,935.0,350.0,116.6666667,935.0,233.75,22739.0,11369.5,22374.0,365.0,104.0,136.0,47.94553387,116.6666667,233.75,350.0,935.0,26883.0
80.0,372.0,935.0,372.0,124.0,935.0,233.75,27101.0,13550.5,26726.0,375.0,104.0,136.0,82.32485387,124.0,233.75,372.0,935.0,26883.0
80.0,342.0,935.0,342.0,114.0,935.0,233.75,2733.0,1366.5,2483.0,250.0,104.0,136.0,226.295542,114.0,233.75,342.0,935.0,26883.0
80.0,328.0,935.0,328.0,109.3333333,935.0,233.75,19234.0,9617.0,18923.0,311.0,104.0,136.0,122.895416,109.3333333,233.75,328.0,935.0,26883.0
80.0,307.0,935.0,307.0,102.3333333,935.0,233.75,14017.0,7008.5,13737.0,280.0,104.0,136.0,157.5795777,102.3333333,233.75,307.0,935.0,26883.0
80.0,0.0,0.0,0.0,0.0,0.0,0.0,36.0,36.0,36.0,36.0,64.0,0.0,55555.55556,0.0,0.0,0.0,0.0,225.0
80.0,347.0,935.0,347.0,115.6666667,935.0,233.75,5152.0,2576.0,4883.0,269.0,104.0,136.0,145.2995593,115.6666667,233.75,347.0,935.0,26883.0
80.0,309.0,935.0,309.0,103.0,935.0,233.75,31156.0,15578.0,30897.0,259.0,104.0,136.0,88.01525598,103.0,233.75,309.0,935.0,26883.0
80.0,365.0,935.0,365.0,121.6666667,935.0,233.75,5587.0,2793.5,5223.0,364.0,104.0,136.0,136.493926,121.6666667,233.75,365.0,935.0,26883.0
80.0,320.0,935.0,320.0,106.6666667,935.0,233.75,24808.0,12404.0,24495.0,313.0,104.0,136.0,116.4551066,106.6666667,233.75,320.0,935.0,26883.0
80.0,324.0,935.0,324.0,108.0,935.0,233.75,9531.0,4765.5,9236.0,295.0,104.0,136.0,170.862285,108.0,233.75,324.0,935.0,26883.0
80.0,332.0,935.0,332.0,110.6666667,935.0,233.75,37029.0,18514.5,36756.0,273.0,104.0,136.0,77.62167197,110.6666667,233.75,332.0,935.0,26883.0
80.0,370.0,935.0,370.0,123.3333333,935.0,233.75,30907.0,15453.5,30562.0,345.0,104.0,136.0,92.7844617,123.3333333,233.75,370.0,935.0,26883.0
80.0,361.0,935.0,361.0,120.3333333,935.0,233.75,35294.0,17647.0,35014.0,280.0,104.0,136.0,82.39947264,120.3333333,233.75,361.0,935.0,26883.0
80.0,0.0,0.0,0.0,0.0,0.0,0.0,55.0,55.0,55.0,55.0,64.0,0.0,36363.63636,0.0,0.0,0.0,0.0,225.0
80.0,348.0,935.0,348.0,116.0,935.0,233.75,890.0,445.0,554.0,336.0,104.0,136.0,2109.704641,116.0,233.75,348.0,935.0,26883.0
80.0,342.0,935.0,342.0,114.0,935.0,233.75,12576.0,6288.0,12284.0,292.0,104.0,136.0,159.5829565,114.0,233.75,342.0,935.0,26883.0
80.0,374.0,935.0,374.0,124.6666667,935.0,233.75,9586.0,4793.0,5481.0,4105.0,104.0,136.0,57.53519236,124.6666667,233.75,374.0,935.0,26883.0
80.0,374.0,935.0,374.0,93.5,935.0,233.75,28956.0,9652.0,24767.0,334.0,136.0,136.0,136.5653807,93.5,233.75,374.0,935.0,26883.0
80.0,365.0,935.0,365.0,121.6666667,935.0,233.75,12445.0,6222.5,11526.0,919.0,104.0,136.0,55.03375404,121.6666667,233.75,365.0,935.0,26883.0
80.0,387.0,935.0,387.0,129.0,935.0,233.75,4038.0,2019.0,3726.0,312.0,104.0,136.0,204.3735949,129.0,233.75,387.0,935.0,26883.0
80.0,289.0,935.0,289.0,96.33333333,935.0,233.75,4562.0,2281.0,3817.0,745.0,104.0,136.0,64.57306442,96.33333333,233.75,289.0,935.0,26883.0
80.0,327.0,935.0,327.0,109.0,935.0,233.75,10843.0,5421.5,10595.0,248.0,104.0,136.0,106.13457859999998,109.0,233.75,327.0,935.0,26883.0
80.0,311.0,935.0,311.0,103.6666667,935.0,233.75,40215.0,20107.5,39905.0,310.0,104.0,136.0,57.07762557,103.6666667,233.75,311.0,935.0,26883.0
80.0,357.0,935.0,357.0,119.0,935.0,233.75,24679.0,12339.5,24361.0,318.0,104.0,136.0,111.7027218,119.0,233.75,357.0,935.0,26883.0
80.0,0.0,0.0,0.0,0.0,0.0,0.0,93.0,93.0,93.0,93.0,64.0,0.0,21505.37634,0.0,0.0,0.0,0.0,225.0
80.0,302.0,935.0,302.0,100.6666667,935.0,233.75,3272.0,1636.0,3000.0,272.0,104.0,136.0,259.6053998,100.6666667,233.75,302.0,935.0,26883.0
80.0,0.0,0.0,0.0,0.0,0.0,0.0,36.0,36.0,36.0,36.0,64.0,0.0,55555.55556,0.0,0.0,0.0,0.0,225.0
80.0,349.0,935.0,349.0,116.3333333,935.0,233.75,19865.0,9932.5,19507.0,358.0,104.0,136.0,144.002304,116.3333333,233.75,349.0,935.0,26883.0
80.0,0.0,0.0,0.0,0.0,0.0,0.0,86.0,86.0,86.0,86.0,64.0,0.0,23255.81395,0.0,0.0,0.0,0.0,225.0
80.0,374.0,935.0,374.0,124.6666667,935.0,233.75,29653.0,14826.5,29363.0,290.0,104.0,136.0,93.81156384,124.6666667,233.75,374.0,935.0,26883.0
80.0,298.0,935.0,298.0,99.33333333,935.0,233.75,8782.0,4391.0,5200.0,3582.0,104.0,136.0,59.50727972,99.33333333,233.75,298.0,935.0,26883.0
80.0,287.0,935.0,287.0,95.66666667,935.0,233.75,24890.0,12445.0,24618.0,272.0,104.0,136.0,115.5802127,95.66666667,233.75,287.0,935.0,26883.0
80.0,402.0,935.0,402.0,134.0,935.0,233.75,38702.0,19351.0,38449.0,253.0,104.0,136.0,51.24175862,134.0,233.75,402.0,935.0,26883.0
80.0,346.0,935.0,346.0,115.3333333,935.0,233.75,27860.0,13930.0,27592.0,268.0,104.0,136.0,46.48640273,115.3333333,233.75,346.0,935.0,26883.0
80.0,334.0,935.0,334.0,111.3333333,935.0,233.75,27435.0,13717.5,27115.0,320.0,104.0,136.0,102.1763564,111.3333333,233.75,334.0,935.0,26883.0
80.0,0.0,0.0,0.0,0.0,0.0,0.0,103.0,103.0,103.0,103.0,64.0,0.0,19417.47573,0.0,0.0,0.0,0.0,225.0
80.0,363.0,935.0,363.0,121.0,935.0,233.75,15927.0,7963.5,15660.0,267.0,104.0,136.0,120.3321166,121.0,233.75,363.0,935.0,26883.0
80.0,351.0,935.0,351.0,117.0,935.0,233.75,28199.0,14099.5,27901.0,298.0,104.0,136.0,104.9281242,117.0,233.75,351.0,935.0,26883.0
80.0,350.0,935.0,350.0,116.6666667,935.0,233.75,16731.0,8365.5,16365.0,366.0,104.0,136.0,133.4757074,116.6666667,233.75,350.0,935.0,26883.0
80.0,327.0,935.0,327.0,109.0,935.0,233.75,32898.0,16449.0,32613.0,285.0,104.0,136.0,51.80989224,109.0,233.75,327.0,935.0,26883.0
80.0,353.0,935.0,353.0,117.6666667,935.0,233.75,1494.0,747.0,856.0,638.0,104.0,136.0,570.450656,117.6666667,233.75,353.0,935.0,26883.0
80.0,367.0,935.0,367.0,122.3333333,935.0,233.75,25610.0,12805.0,25365.0,245.0,104.0,136.0,101.55033509999998,122.3333333,233.75,367.0,935.0,26883.0
80.0,367.0,935.0,367.0,122.3333333,935.0,233.75,30349.0,15174.5,30055.0,294.0,104.0,136.0,77.4913468,122.3333333,233.75,367.0,935.0,26883.0
80.0,319.0,935.0,319.0,106.3333333,935.0,233.75,20506.0,10253.0,20098.0,408.0,104.0,136.0,68.91798759,106.3333333,233.75,319.0,935.0,26883.0
80.0,356.0,935.0,356.0,118.6666667,935.0,233.75,17937.0,8968.5,17692.0,245.0,104.0,136.0,84.89685033,118.6666667,233.75,356.0,935.0,26883.0
80.0,396.0,935.0,396.0,132.0,935.0,233.75,2911.0,1455.5,1541.0,1370.0,104.0,136.0,65.68000701,132.0,233.75,396.0,935.0,26883.0
80.0,393.0,935.0,393.0,131.0,935.0,233.75,34813.0,17406.5,34519.0,294.0,104.0,136.0,45.52006676,131.0,233.75,393.0,935.0,26883.0
80.0,355.0,935.0,355.0,118.3333333,935.0,233.75,10361.0,5180.5,9991.0,370.0,104.0,136.0,205.2545156,118.3333333,233.75,355.0,935.0,26883.0
80.0,347.0,935.0,347.0,115.6666667,935.0,233.75,19378.0,9689.0,19112.0,266.0,104.0,136.0,79.06596737,115.6666667,233.75,347.0,935.0,26883.0
80.0,0.0,0.0,0.0,0.0,0.0,0.0,117.0,117.0,117.0,117.0,64.0,0.0,17094.01709,0.0,0.0,0.0,0.0,225.0
80.0,0.0,0.0,0.0,0.0,0.0,0.0,42.0,42.0,42.0,42.0,64.0,0.0,47619.04762,0.0,0.0,0.0,0.0,225.0
80.0,0.0,0.0,0.0,0.0,0.0,0.0,29.0,29.0,29.0,29.0,64.0,0.0,68965.51724,0.0,0.0,0.0,0.0,225.0
80.0,349.0,935.0,349.0,116.3333333,935.0,233.75,2729.0,1364.5,2616.0,113.0,104.0,136.0,85.14503037,116.3333333,233.75,349.0,935.0,26883.0
80.0,346.0,935.0,346.0,115.3333333,935.0,233.75,8373.0,4186.5,8085.0,288.0,104.0,136.0,236.5370969,115.3333333,233.75,346.0,935.0,26883.0
80.0,355.0,935.0,355.0,118.3333333,935.0,233.75,353.0,176.5,294.0,59.0,104.0,136.0,71.78063837,118.3333333,233.75,355.0,935.0,26883.0
80.0,360.0,935.0,360.0,120.0,935.0,233.75,29793.0,14896.5,29501.0,292.0,104.0,136.0,74.28500681,120.0,233.75,360.0,935.0,26883.0
80.0,349.0,935.0,349.0,116.3333333,935.0,233.75,11446.0,5723.0,11187.0,259.0,104.0,136.0,116.3737926,116.3333333,233.75,349.0,935.0,26883.0
80.0,316.0,935.0,316.0,105.3333333,935.0,233.75,29112.0,14556.0,28828.0,284.0,104.0,136.0,89.3362318,105.3333333,233.75,316.0,935.0,26883.0
80.0,326.0,935.0,326.0,108.6666667,935.0,233.75,2026.0,1013.0,1539.0,487.0,104.0,136.0,393.2878867,108.6666667,233.75,326.0,935.0,26883.0
80.0,0.0,0.0,0.0,0.0,0.0,0.0,64.0,64.0,64.0,64.0,64.0,0.0,31250.0,0.0,0.0,0.0,0.0,225.0
80.0,368.0,935.0,368.0,122.6666667,935.0,233.75,12025.0,6012.5,11528.0,497.0,104.0,136.0,86.78295583,122.6666667,233.75,368.0,935.0,26883.0
80.0,339.0,935.0,339.0,113.0,935.0,233.75,9683.0,4841.5,9425.0,258.0,104.0,136.0,145.5886635,113.0,233.75,339.0,935.0,26883.0
80.0,366.0,935.0,366.0,122.0,935.0,233.75,6934.0,3467.0,6074.0,860.0,104.0,136.0,59.31667194,122.0,233.75,366.0,935.0,26883.0
80.0,330.0,935.0,330.0,110.0,935.0,233.75,11007.0,5503.5,10742.0,265.0,104.0,136.0,238.758456,110.0,233.75,330.0,935.0,26883.0
80.0,305.0,935.0,305.0,101.6666667,935.0,233.75,11917.0,5958.5,7638.0,4279.0,104.0,136.0,55.53601511,101.6666667,233.75,305.0,935.0,26883.0
80.0,376.0,935.0,376.0,94.0,935.0,233.75,1042671.0,347557.0,1031923.0,2080.0,144.0,136.0,3.662953348,94.0,233.75,376.0,935.0,26883.0
80.0,0.0,0.0,0.0,0.0,0.0,0.0,69.0,69.0,69.0,69.0,64.0,0.0,28985.50725,0.0,0.0,0.0,0.0,225.0
80.0,359.0,935.0,359.0,119.6666667,935.0,233.75,10858.0,5429.0,9166.0,1692.0,104.0,136.0,67.11259256,119.6666667,233.75,359.0,935.0,26883.0
80.0,372.0,935.0,372.0,124.0,935.0,233.75,4057.0,2028.5,2467.0,1590.0,104.0,136.0,63.01594303,124.0,233.75,372.0,935.0,26883.0
80.0,287.0,935.0,287.0,95.66666667,935.0,233.75,24714.0,12357.0,24459.0,255.0,104.0,136.0,79.58404075,95.66666667,233.75,287.0,935.0,26883.0
80.0,336.0,935.0,336.0,112.0,935.0,233.75,23997.0,11998.5,23547.0,450.0,104.0,136.0,115.0130348,112.0,233.75,336.0,935.0,26883.0
80.0,0.0,0.0,0.0,0.0,0.0,0.0,60.0,60.0,60.0,60.0,64.0,0.0,33333.33333,0.0,0.0,0.0,0.0,225.0
80.0,331.0,935.0,331.0,110.3333333,935.0,233.75,13380.0,6690.0,13126.0,254.0,104.0,136.0,87.02967712,110.3333333,233.75,331.0,935.0,26883.0
80.0,292.0,935.0,292.0,97.33333333,935.0,233.75,6348.0,3174.0,6091.0,257.0,104.0,136.0,354.73572189999993,97.33333333,233.75,292.0,935.0,26883.0
80.0,410.0,935.0,410.0,136.66666669999998,935.0,233.75,11767.0,5883.5,10505.0,1262.0,104.0,136.0,86.33590422,136.66666669999998,233.75,410.0,935.0,26883.0
80.0,338.0,935.0,338.0,112.6666667,935.0,233.75,5627.0,2813.5,2912.0,2715.0,104.0,136.0,59.05976849,112.6666667,233.75,338.0,935.0,26883.0
80.0,391.0,935.0,391.0,130.3333333,935.0,233.75,7820.0,3910.0,7490.0,330.0,104.0,136.0,257.2898799,130.3333333,233.75,391.0,935.0,26883.0
80.0,338.0,935.0,338.0,112.6666667,935.0,233.75,9960.0,4980.0,9678.0,282.0,104.0,136.0,241.974512,112.6666667,233.75,338.0,935.0,26883.0
80.0,380.0,935.0,380.0,126.6666667,935.0,233.75,10750.0,5375.0,10483.0,267.0,104.0,136.0,121.82246409999998,126.6666667,233.75,380.0,935.0,26883.0
80.0,333.0,935.0,333.0,111.0,935.0,233.75,36695.0,18347.5,36375.0,320.0,104.0,136.0,49.13119667,111.0,233.75,333.0,935.0,26883.0
80.0,302.0,935.0,302.0,100.6666667,935.0,233.75,32231.0,16115.5,31884.0,347.0,104.0,136.0,59.56162643,100.6666667,233.75,302.0,935.0,26883.0
80.0,0.0,0.0,0.0,0.0,0.0,0.0,117.0,117.0,117.0,117.0,64.0,0.0,17094.01709,0.0,0.0,0.0,0.0,225.0
80.0,361.0,935.0,361.0,120.3333333,935.0,233.75,26656.0,13328.0,26332.0,324.0,104.0,136.0,46.26987677,120.3333333,233.75,361.0,935.0,26883.0
80.0,0.0,0.0,0.0,0.0,0.0,0.0,25.0,25.0,25.0,25.0,64.0,0.0,80000.0,0.0,0.0,0.0,0.0,225.0
80.0,321.0,935.0,321.0,107.0,935.0,233.75,12869.0,6434.5,10314.0,2555.0,104.0,136.0,57.36466719,107.0,233.75,321.0,935.0,26883.0
80.0,369.0,935.0,369.0,123.0,935.0,233.75,35866.0,17933.0,35570.0,296.0,104.0,136.0,44.64950141,123.0,233.75,369.0,935.0,26883.0
80.0,354.0,935.0,354.0,118.0,935.0,233.75,11900.0,5950.0,9019.0,2881.0,104.0,136.0,58.7429019,118.0,233.75,354.0,935.0,26883.0
80.0,293.0,935.0,293.0,97.66666667,935.0,233.75,5236.0,2618.0,4972.0,264.0,104.0,136.0,91.63103238,97.66666667,233.75,293.0,935.0,26883.0
80.0,324.0,935.0,324.0,81.0,935.0,233.75,1023567.0,341189.0,1021568.0,539.0,144.0,136.0,3.874816309,81.0,233.75,324.0,935.0,26883.0
80.0,308.0,935.0,308.0,102.6666667,935.0,233.75,40354.0,20177.0,39867.0,487.0,104.0,136.0,72.35366471,102.6666667,233.75,308.0,935.0,26883.0
80.0,360.0,935.0,360.0,120.0,935.0,233.75,19430.0,9715.0,19098.0,332.0,104.0,136.0,125.2975818,120.0,233.75,360.0,935.0,26883.0
80.0,640.0,935.0,320.0,128.0,935.0,233.75,1254662.0,313665.5,1032751.0,2082.0,176.0,136.0,3.828149763,128.0,233.75,640.0,935.0,26883.0
80.0,331.0,935.0,331.0,110.3333333,935.0,233.75,11748.0,5874.0,10373.0,1375.0,104.0,136.0,53.24813632,110.3333333,233.75,331.0,935.0,26883.0
80.0,0.0,0.0,0.0,0.0,0.0,0.0,81.0,81.0,81.0,81.0,64.0,0.0,24691.35802,0.0,0.0,0.0,0.0,225.0
80.0,376.0,935.0,376.0,125.3333333,935.0,233.75,15103.0,7551.5,14856.0,247.0,104.0,136.0,162.32009519999997,125.3333333,233.75,376.0,935.0,26883.0
80.0,0.0,0.0,0.0,0.0,0.0,0.0,62.0,62.0,62.0,62.0,64.0,0.0,32258.06452,0.0,0.0,0.0,0.0,225.0
80.0,0.0,0.0,0.0,0.0,0.0,0.0,112.0,112.0,112.0,112.0,64.0,0.0,17857.14286,0.0,0.0,0.0,0.0,225.0
80.0,345.0,935.0,345.0,115.0,935.0,233.75,28668.0,14334.0,28220.0,448.0,104.0,136.0,94.0940313,115.0,233.75,345.0,935.0,26883.0
80.0,344.0,935.0,344.0,114.6666667,935.0,233.75,13483.0,6741.5,7120.0,6363.0,104.0,136.0,43.12823462,114.6666667,233.75,344.0,935.0,26883.0
80.0,365.0,935.0,365.0,121.6666667,935.0,233.75,11834.0,5917.0,10672.0,1162.0,104.0,136.0,57.97325501,121.6666667,233.75,365.0,935.0,26883.0
80.0,287.0,935.0,287.0,95.66666667,935.0,233.75,3199.0,1599.5,1690.0,1509.0,104.0,136.0,69.22171716,95.66666667,233.75,287.0,935.0,26883.0
80.0,294.0,935.0,294.0,98.0,935.0,233.75,33356.0,16678.0,33099.0,257.0,104.0,136.0,64.65238567,98.0,233.75,294.0,935.0,26883.0
80.0,312.0,935.0,312.0,104.0,935.0,233.75,31133.0,15566.5,30874.0,259.0,104.0,136.0,95.11429568,104.0,233.75,312.0,935.0,26883.0
80.0,350.0,935.0,350.0,116.6666667,935.0,233.75,32866.0,16433.0,32440.0,426.0,104.0,136.0,88.27683616,116.6666667,233.75,350.0,935.0,26883.0
80.0,379.0,935.0,379.0,126.3333333,935.0,233.75,9131.0,4565.5,8855.0,276.0,104.0,136.0,176.5017356,126.3333333,233.75,379.0,935.0,26883.0
80.0,370.0,935.0,370.0,123.3333333,935.0,233.75,11273.0,5636.5,10991.0,282.0,104.0,136.0,255.3191489,123.3333333,233.75,370.0,935.0,26883.0
80.0,353.0,935.0,353.0,117.6666667,935.0,233.75,36373.0,18186.5,36074.0,299.0,104.0,136.0,79.41760424,117.6666667,233.75,353.0,935.0,26883.0
80.0,0.0,0.0,0.0,0.0,0.0,0.0,52.0,52.0,52.0,52.0,64.0,0.0,38461.53846,0.0,0.0,0.0,0.0,225.0
80.0,289.0,935.0,289.0,96.33333333,935.0,233.75,12041.0,6020.5,11798.0,243.0,104.0,136.0,132.98461809999998,96.33333333,233.75,289.0,935.0,26883.0
80.0,346.0,935.0,346.0,115.3333333,935.0,233.75,31453.0,15726.5,31183.0,270.0,104.0,136.0,92.09233792,115.3333333,233.75,346.0,935.0,26883.0
80.0,351.0,935.0,351.0,117.0,935.0,233.75,22955.0,11477.5,22670.0,285.0,104.0,136.0,126.6891892,117.0,233.75,351.0,935.0,26883.0
80.0,399.0,935.0,399.0,133.0,935.0,233.75,10789.0,5394.5,8149.0,2640.0,104.0,136.0,55.5493834,133.0,233.75,399.0,935.0,26883.0
80.0,0.0,0.0,0.0,0.0,0.0,0.0,108.0,108.0,108.0,108.0,64.0,0.0,18518.51852,0.0,0.0,0.0,0.0,225.0
80.0,0.0,0.0,0.0,0.0,0.0,0.0,94.0,94.0,94.0,94.0,64.0,0.0,21276.59574,0.0,0.0,0.0,0.0,225.0
80.0,320.0,935.0,320.0,106.6666667,935.0,233.75,11798.0,5899.0,9130.0,2668.0,104.0,136.0,55.6152905,106.6666667,233.75,320.0,935.0,26883.0
80.0,0.0,0.0,0.0,0.0,0.0,0.0,98.0,98.0,98.0,98.0,64.0,0.0,20408.16327,0.0,0.0,0.0,0.0,225.0
80.0,300.0,935.0,300.0,100.0,935.0,233.75,11768.0,5884.0,9156.0,2612.0,104.0,136.0,58.29544129999999,100.0,233.75,300.0,935.0,26883.0
80.0,299.0,935.0,299.0,99.66666667,935.0,233.75,26198.0,13099.0,25920.0,278.0,104.0,136.0,99.68433295,99.66666667,233.75,299.0,935.0,26883.0
80.0,294.0,935.0,294.0,98.0,935.0,233.75,32545.0,16272.5,32140.0,405.0,104.0,136.0,80.89742207,98.0,233.75,294.0,935.0,26883.0
80.0,354.0,935.0,354.0,118.0,935.0,233.75,46889.0,23444.5,46519.0,370.0,104.0,136.0,63.04375236,118.0,233.75,354.0,935.0,26883.0
80.0,337.0,935.0,337.0,112.3333333,935.0,233.75,16091.0,8045.5,15817.0,274.0,104.0,136.0,83.99596819,112.3333333,233.75,337.0,935.0,26883.0
80.0,398.0,935.0,398.0,132.6666667,935.0,233.75,6757.0,3378.5,3918.0,2839.0,104.0,136.0,58.63956216,132.6666667,233.75,398.0,935.0,26883.0
80.0,688.0,935.0,344.0,172.0,935.0,233.75,211235.0,70411.66667,203121.0,259.0,136.0,136.0,15.66501923,172.0,233.75,688.0,935.0,26883.0
80.0,0.0,0.0,0.0,0.0,0.0,0.0,61.0,61.0,61.0,61.0,64.0,0.0,32786.88525,0.0,0.0,0.0,0.0,225.0
80.0,363.0,935.0,363.0,121.0,935.0,233.75,8740.0,4370.0,7109.0,1631.0,104.0,136.0,58.39643392,121.0,233.75,363.0,935.0,26883.0
80.0,307.0,935.0,307.0,102.3333333,935.0,233.75,15677.0,7838.5,15426.0,251.0,104.0,136.0,81.73718769999998,102.3333333,233.75,307.0,935.0,26883.0
80.0,314.0,935.0,314.0,104.6666667,935.0,233.75,9442.0,4721.0,8116.0,1326.0,104.0,136.0,166.8242229,104.6666667,233.75,314.0,935.0,26883.0
80.0,351.0,935.0,351.0,117.0,935.0,233.75,31335.0,15667.5,30965.0,370.0,104.0,136.0,74.60274041,117.0,233.75,351.0,935.0,26883.0
80.0,308.0,935.0,308.0,102.6666667,935.0,233.75,37764.0,18882.0,37483.0,281.0,104.0,136.0,43.41534009,102.6666667,233.75,308.0,935.0,26883.0
80.0,335.0,935.0,335.0,111.6666667,935.0,233.75,15460.0,7730.0,15155.0,305.0,104.0,136.0,102.6132166,111.6666667,233.75,335.0,935.0,26883.0
80.0,393.0,935.0,393.0,131.0,935.0,233.75,26639.0,13319.5,26333.0,306.0,104.0,136.0,62.59258487,131.0,233.75,393.0,935.0,26883.0
80.0,0.0,0.0,0.0,0.0,0.0,0.0,98.0,98.0,98.0,98.0,64.0,0.0,20408.16327,0.0,0.0,0.0,0.0,225.0
80.0,294.0,935.0,294.0,98.0,935.0,233.75,2706.0,1353.0,1545.0,1161.0,104.0,136.0,142.7551749,98.0,233.75,294.0,935.0,26883.0
80.0,342.0,935.0,342.0,114.0,935.0,233.75,32319.0,16159.5,32027.0,292.0,104.0,136.0,87.59891377,114.0,233.75,342.0,935.0,26883.0
80.0,0.0,0.0,0.0,0.0,0.0,0.0,56.0,56.0,56.0,56.0,64.0,0.0,35714.285710000004,0.0,0.0,0.0,0.0,225.0
80.0,333.0,935.0,333.0,111.0,935.0,233.75,18892.0,9446.0,18629.0,263.0,104.0,136.0,140.9112259,111.0,233.75,333.0,935.0,26883.0
80.0,354.0,935.0,354.0,118.0,935.0,233.75,34859.0,17429.5,34557.0,302.0,104.0,136.0,77.47333626,118.0,233.75,354.0,935.0,26883.0
80.0,350.0,935.0,350.0,116.6666667,935.0,233.75,34098.0,17049.0,33792.0,306.0,104.0,136.0,64.57028475,116.6666667,233.75,350.0,935.0,26883.0
80.0,333.0,935.0,333.0,111.0,935.0,233.75,7313.0,3656.5,4179.0,3134.0,104.0,136.0,61.92589535,111.0,233.75,333.0,935.0,26883.0
80.0,371.0,935.0,371.0,123.6666667,935.0,233.75,21089.0,10544.5,20792.0,297.0,104.0,136.0,65.20038251,123.6666667,233.75,371.0,935.0,26883.0
80.0,336.0,935.0,336.0,112.0,935.0,233.75,33086.0,16543.0,32785.0,301.0,104.0,136.0,87.4865125,112.0,233.75,336.0,935.0,26883.0
80.0,370.0,935.0,370.0,123.3333333,935.0,233.75,29603.0,14801.5,29341.0,262.0,104.0,136.0,47.6356823,123.3333333,233.75,370.0,935.0,26883.0
80.0,339.0,935.0,339.0,113.0,935.0,233.75,5032.0,2516.0,4691.0,341.0,104.0,136.0,355.1136364,113.0,233.75,339.0,935.0,26883.0
80.0,357.0,935.0,357.0,119.0,935.0,233.75,776.0,388.0,501.0,275.0,104.0,136.0,956.937799,119.0,233.75,357.0,935.0,26883.0
80.0,328.0,935.0,328.0,109.3333333,935.0,233.75,38163.0,19081.5,37840.0,323.0,104.0,136.0,77.67392486,109.3333333,233.75,328.0,935.0,26883.0
80.0,413.0,935.0,413.0,137.66666669999998,935.0,233.75,20665.0,10332.5,20357.0,308.0,104.0,136.0,84.31466232,137.66666669999998,233.75,413.0,935.0,26883.0
80.0,396.0,935.0,396.0,132.0,935.0,233.75,6767.0,3383.5,6501.0,266.0,104.0,136.0,369.3671509,132.0,233.75,396.0,935.0,26883.0
80.0,368.0,935.0,368.0,122.6666667,935.0,233.75,64556.0,32278.0,64171.0,385.0,104.0,136.0,28.23024589,122.6666667,233.75,368.0,935.0,26883.0
80.0,354.0,935.0,354.0,118.0,935.0,233.75,23415.0,11707.5,23163.0,252.0,104.0,136.0,125.24004340000002,118.0,233.75,354.0,935.0,26883.0
80.0,0.0,0.0,0.0,0.0,0.0,0.0,30.0,30.0,30.0,30.0,64.0,0.0,66666.66667,0.0,0.0,0.0,0.0,225.0
80.0,353.0,935.0,353.0,117.6666667,935.0,233.75,11667.0,5833.5,11378.0,289.0,104.0,136.0,118.0637544,117.6666667,233.75,353.0,935.0,26883.0
80.0,356.0,935.0,356.0,118.6666667,935.0,233.75,18388.0,9194.0,18103.0,285.0,104.0,136.0,92.39297813,118.6666667,233.75,356.0,935.0,26883.0
80.0,303.0,935.0,303.0,101.0,935.0,233.75,16261.0,8130.5,15940.0,321.0,104.0,136.0,70.74637425,101.0,233.75,303.0,935.0,26883.0
80.0,366.0,935.0,366.0,122.0,935.0,233.75,38659.0,19329.5,38359.0,300.0,104.0,136.0,55.86904296,122.0,233.75,366.0,935.0,26883.0
80.0,358.0,935.0,358.0,119.3333333,935.0,233.75,33889.0,16944.5,33604.0,285.0,104.0,136.0,84.99305890000002,119.3333333,233.75,358.0,935.0,26883.0
80.0,296.0,935.0,296.0,98.66666667,935.0,233.75,10792.0,5396.0,9251.0,1541.0,104.0,136.0,88.57134422,98.66666667,233.75,296.0,935.0,26883.0
80.0,393.0,935.0,393.0,131.0,935.0,233.75,33512.0,16756.0,33200.0,312.0,104.0,136.0,82.40852654,131.0,233.75,393.0,935.0,26883.0
80.0,303.0,935.0,303.0,101.0,935.0,233.75,2031.0,1015.5,1728.0,303.0,104.0,136.0,460.5465152,101.0,233.75,303.0,935.0,26883.0
80.0,341.0,935.0,341.0,113.6666667,935.0,233.75,22284.0,11142.0,11278.0,11006.0,104.0,136.0,45.29737728,113.6666667,233.75,341.0,935.0,26883.0
80.0,327.0,935.0,327.0,109.0,935.0,233.75,24603.0,12301.5,24222.0,381.0,104.0,136.0,111.19347659999998,109.0,233.75,327.0,935.0,26883.0
80.0,303.0,935.0,303.0,101.0,935.0,233.75,11033.0,5516.5,8110.0,2923.0,104.0,136.0,57.70895451,101.0,233.75,303.0,935.0,26883.0
80.0,348.0,935.0,348.0,116.0,935.0,233.75,10316.0,5158.0,5924.0,4392.0,104.0,136.0,55.90860806,116.0,233.75,348.0,935.0,26883.0
80.0,0.0,0.0,0.0,0.0,0.0,0.0,77.0,77.0,77.0,77.0,64.0,0.0,25974.02597,0.0,0.0,0.0,0.0,225.0
80.0,0.0,0.0,0.0,0.0,0.0,0.0,6.0,6.0,6.0,6.0,64.0,0.0,333333.3333,0.0,0.0,0.0,0.0,225.0
80.0,353.0,935.0,353.0,117.6666667,935.0,233.75,40922.0,20461.0,40677.0,245.0,104.0,136.0,43.21583428,117.6666667,233.75,353.0,935.0,26883.0
80.0,345.0,935.0,345.0,115.0,935.0,233.75,6959.0,3479.5,5470.0,1489.0,104.0,136.0,60.92607636,115.0,233.75,345.0,935.0,26883.0
80.0,339.0,935.0,339.0,113.0,935.0,233.75,26983.0,13491.5,26642.0,341.0,104.0,136.0,103.8349716,113.0,233.75,339.0,935.0,26883.0
80.0,364.0,935.0,364.0,121.3333333,935.0,233.75,10426.0,5213.0,10149.0,277.0,104.0,136.0,281.7695125,121.3333333,233.75,364.0,935.0,26883.0
80.0,356.0,935.0,356.0,118.6666667,935.0,233.75,26259.0,13129.5,25923.0,336.0,104.0,136.0,107.6851287,118.6666667,233.75,356.0,935.0,26883.0
80.0,306.0,935.0,306.0,102.0,935.0,233.75,3043.0,1521.5,2783.0,260.0,104.0,136.0,163.1410082,102.0,233.75,306.0,935.0,26883.0
80.0,318.0,935.0,318.0,106.0,935.0,233.75,11552.0,5776.0,8453.0,3099.0,104.0,136.0,59.79669125,106.0,233.75,318.0,935.0,26883.0
80.0,364.0,935.0,364.0,121.3333333,935.0,233.75,26723.0,13361.5,26439.0,284.0,104.0,136.0,105.38888500000002,121.3333333,233.75,364.0,935.0,26883.0
80.0,358.0,935.0,358.0,119.3333333,935.0,233.75,49896.0,24948.0,49621.0,275.0,104.0,136.0,41.12236646,119.3333333,233.75,358.0,935.0,26883.0
80.0,315.0,935.0,315.0,105.0,935.0,233.75,27737.0,13868.5,27426.0,311.0,104.0,136.0,65.18763173,105.0,233.75,315.0,935.0,26883.0
80.0,361.0,935.0,361.0,120.3333333,935.0,233.75,8013.0,4006.5,7741.0,272.0,104.0,136.0,201.5045674,120.3333333,233.75,361.0,935.0,26883.0
80.0,348.0,935.0,348.0,116.0,935.0,233.75,22716.0,11358.0,22432.0,284.0,104.0,136.0,116.8406294,116.0,233.75,348.0,935.0,26883.0
80.0,288.0,935.0,288.0,96.0,935.0,233.75,1435.0,717.5,1180.0,255.0,104.0,136.0,564.546481,96.0,233.75,288.0,935.0,26883.0
80.0,353.0,935.0,353.0,117.6666667,935.0,233.75,47855.0,23927.5,47492.0,363.0,104.0,136.0,47.7326969,117.6666667,233.75,353.0,935.0,26883.0
80.0,380.0,935.0,380.0,126.6666667,935.0,233.75,39001.0,19500.5,38714.0,287.0,104.0,136.0,44.33672263,126.6666667,233.75,380.0,935.0,26883.0
80.0,0.0,0.0,0.0,0.0,0.0,0.0,108.0,108.0,108.0,108.0,64.0,0.0,18518.51852,0.0,0.0,0.0,0.0,225.0
80.0,0.0,0.0,0.0,0.0,0.0,0.0,42.0,42.0,42.0,42.0,64.0,0.0,47619.04762,0.0,0.0,0.0,0.0,225.0
80.0,0.0,0.0,0.0,0.0,0.0,0.0,27.0,27.0,27.0,27.0,64.0,0.0,74074.07407,0.0,0.0,0.0,0.0,225.0
80.0,288.0,935.0,288.0,96.0,935.0,233.75,17478.0,8739.0,9929.0,7549.0,104.0,136.0,61.43638263,96.0,233.75,288.0,935.0,26883.0
80.0,367.0,935.0,367.0,122.3333333,935.0,233.75,1509.0,754.5,1106.0,403.0,104.0,136.0,224.2655304,122.3333333,233.75,367.0,935.0,26883.0
80.0,412.0,935.0,412.0,137.33333330000002,935.0,233.75,15201.0,7600.5,14912.0,289.0,104.0,136.0,73.52220371,137.33333330000002,233.75,412.0,935.0,26883.0
80.0,352.0,935.0,352.0,117.3333333,935.0,233.75,39808.0,19904.0,39484.0,324.0,104.0,136.0,48.35667886,117.3333333,233.75,352.0,935.0,26883.0
80.0,357.0,935.0,357.0,119.0,935.0,233.75,3954.0,1977.0,3660.0,294.0,104.0,136.0,263.9915523,119.0,233.75,357.0,935.0,26883.0
80.0,327.0,935.0,327.0,109.0,935.0,233.75,8164.0,4082.0,7905.0,259.0,104.0,136.0,308.2297339,109.0,233.75,327.0,935.0,26883.0
80.0,325.0,935.0,325.0,108.3333333,935.0,233.75,1127.0,563.5,860.0,267.0,104.0,136.0,507.2708827,108.3333333,233.75,325.0,935.0,26883.0
80.0,0.0,0.0,0.0,0.0,0.0,0.0,101.0,101.0,101.0,101.0,64.0,0.0,19801.9802,0.0,0.0,0.0,0.0,225.0
80.0,0.0,0.0,0.0,0.0,0.0,0.0,116.0,116.0,116.0,116.0,64.0,0.0,17241.37931,0.0,0.0,0.0,0.0,225.0
80.0,322.0,935.0,322.0,107.3333333,935.0,233.75,20273.0,10136.5,20031.0,242.0,104.0,136.0,125.7545272,107.3333333,233.75,322.0,935.0,26883.0
80.0,352.0,935.0,352.0,117.3333333,935.0,233.75,10796.0,5398.0,10271.0,525.0,104.0,136.0,210.8814846,117.3333333,233.75,352.0,935.0,26883.0
80.0,309.0,935.0,309.0,103.0,935.0,233.75,8042.0,4021.0,7751.0,291.0,104.0,136.0,208.4346557,103.0,233.75,309.0,935.0,26883.0
80.0,320.0,935.0,320.0,106.6666667,935.0,233.75,32262.0,16131.0,31928.0,334.0,104.0,136.0,91.32976132,106.6666667,233.75,320.0,935.0,26883.0
80.0,358.0,935.0,358.0,119.3333333,935.0,233.75,24791.0,12395.5,24316.0,475.0,104.0,136.0,119.7126895,119.3333333,233.75,358.0,935.0,26883.0
80.0,359.0,935.0,359.0,119.6666667,935.0,233.75,23763.0,11881.5,23409.0,354.0,104.0,136.0,123.3857037,119.6666667,233.75,359.0,935.0,26883.0
80.0,292.0,935.0,292.0,97.33333333,935.0,233.75,26112.0,13056.0,25839.0,273.0,104.0,136.0,111.3420428,97.33333333,233.75,292.0,935.0,26883.0
80.0,335.0,935.0,335.0,111.6666667,935.0,233.75,11918.0,5959.0,10253.0,1665.0,104.0,136.0,59.97361161,111.6666667,233.75,335.0,935.0,26883.0
80.0,365.0,935.0,365.0,121.6666667,935.0,233.75,21936.0,10968.0,21643.0,293.0,104.0,136.0,67.63916759,121.6666667,233.75,365.0,935.0,26883.0
80.0,325.0,935.0,325.0,108.3333333,935.0,233.75,38535.0,19267.5,38254.0,281.0,104.0,136.0,74.96064566,108.3333333,233.75,325.0,935.0,26883.0
80.0,392.0,935.0,392.0,130.6666667,935.0,233.75,9596.0,4798.0,8113.0,1483.0,104.0,136.0,90.74684655,130.6666667,233.75,392.0,935.0,26883.0
80.0,351.0,935.0,351.0,87.75,935.0,233.75,60857.0,20285.66667,31892.0,381.0,136.0,136.0,65.69331078,87.75,233.75,351.0,935.0,26883.0
80.0,348.0,935.0,348.0,116.0,935.0,233.75,11363.0,5681.5,7864.0,3499.0,104.0,136.0,55.10653931,116.0,233.75,348.0,935.0,26883.0
80.0,333.0,935.0,333.0,111.0,935.0,233.75,6541.0,3270.5,5770.0,771.0,104.0,136.0,69.07985631,111.0,233.75,333.0,935.0,26883.0
80.0,346.0,935.0,346.0,115.3333333,935.0,233.75,29933.0,14966.5,29635.0,298.0,104.0,136.0,95.88953526,115.3333333,233.75,346.0,935.0,26883.0
80.0,357.0,935.0,357.0,119.0,935.0,233.75,37499.0,18749.5,37210.0,289.0,104.0,136.0,44.16050873,119.0,233.75,357.0,935.0,26883.0
80.0,304.0,935.0,304.0,101.3333333,935.0,233.75,39694.0,19847.0,39358.0,336.0,104.0,136.0,74.01376656,101.3333333,233.75,304.0,935.0,26883.0
80.0,316.0,935.0,316.0,105.3333333,935.0,233.75,29899.0,14949.5,29501.0,398.0,104.0,136.0,96.8397947,105.3333333,233.75,316.0,935.0,26883.0
80.0,319.0,935.0,319.0,106.3333333,935.0,233.75,12036.0,6018.0,11297.0,739.0,104.0,136.0,57.73449829,106.3333333,233.75,319.0,935.0,26883.0
80.0,347.0,935.0,347.0,115.6666667,935.0,233.75,15526.0,7763.0,15253.0,273.0,104.0,136.0,152.0064856,115.6666667,233.75,347.0,935.0,26883.0
80.0,335.0,935.0,335.0,111.6666667,935.0,233.75,1272.0,636.0,866.0,406.0,104.0,136.0,130.0446487,111.6666667,233.75,335.0,935.0,26883.0
80.0,0.0,0.0,0.0,0.0,0.0,0.0,63.0,63.0,63.0,63.0,64.0,0.0,31746.03175,0.0,0.0,0.0,0.0,225.0
80.0,353.0,935.0,353.0,117.6666667,935.0,233.75,22830.0,11415.0,22593.0,237.0,104.0,136.0,60.09013520000001,117.6666667,233.75,353.0,935.0,26883.0
80.0,331.0,935.0,331.0,110.3333333,935.0,233.75,39989.0,19994.5,39688.0,301.0,104.0,136.0,73.50418974,110.3333333,233.75,331.0,935.0,26883.0
80.0,332.0,935.0,332.0,110.6666667,935.0,233.75,11833.0,5916.5,10072.0,1761.0,104.0,136.0,52.87741253,110.6666667,233.75,332.0,935.0,26883.0
80.0,308.0,935.0,308.0,102.6666667,935.0,233.75,17237.0,8618.5,16981.0,256.0,104.0,136.0,61.31583788,102.6666667,233.75,308.0,935.0,26883.0
80.0,349.0,935.0,349.0,116.3333333,935.0,233.75,13460.0,6730.0,13091.0,369.0,104.0,136.0,105.3259839,116.3333333,233.75,349.0,935.0,26883.0
80.0,335.0,935.0,335.0,111.6666667,935.0,233.75,11545.0,5772.5,8507.0,3038.0,104.0,136.0,58.30790461,111.6666667,233.75,335.0,935.0,26883.0
80.0,360.0,935.0,360.0,120.0,935.0,233.75,11122.0,5561.0,10850.0,272.0,104.0,136.0,155.0227367,120.0,233.75,360.0,935.0,26883.0
80.0,364.0,935.0,364.0,121.3333333,935.0,233.75,10707.0,5353.5,8848.0,1859.0,104.0,136.0,61.53215055,121.3333333,233.75,364.0,935.0,26883.0
80.0,365.0,935.0,365.0,121.6666667,935.0,233.75,18176.0,9088.0,17878.0,298.0,104.0,136.0,96.41342075,121.6666667,233.75,365.0,935.0,26883.0
80.0,351.0,935.0,351.0,117.0,935.0,233.75,16868.0,8434.0,16587.0,281.0,104.0,136.0,79.30004494,117.0,233.75,351.0,935.0,26883.0
80.0,343.0,935.0,343.0,114.3333333,935.0,233.75,21411.0,10705.5,21176.0,235.0,104.0,136.0,55.66895528,114.3333333,233.75,343.0,935.0,26883.0
80.0,319.0,935.0,319.0,106.3333333,935.0,233.75,12028.0,6014.0,9656.0,2372.0,104.0,136.0,57.1733496,106.3333333,233.75,319.0,935.0,26883.0
80.0,357.0,935.0,357.0,119.0,935.0,233.75,7491.0,3745.5,7213.0,278.0,104.0,136.0,348.9183531000001,119.0,233.75,357.0,935.0,26883.0
80.0,369.0,935.0,369.0,123.0,935.0,233.75,34730.0,17365.0,34401.0,329.0,104.0,136.0,38.51536121,123.0,233.75,369.0,935.0,26883.0
80.0,332.0,935.0,332.0,110.6666667,935.0,233.75,51494.0,25747.0,51241.0,253.0,104.0,136.0,57.65904286,110.6666667,233.75,332.0,935.0,26883.0
80.0,320.0,935.0,320.0,106.6666667,935.0,233.75,11515.0,5757.5,9986.0,1529.0,104.0,136.0,84.36208206,106.6666667,233.75,320.0,935.0,26883.0
80.0,0.0,0.0,0.0,0.0,0.0,0.0,20.0,20.0,20.0,20.0,64.0,0.0,100000.0,0.0,0.0,0.0,0.0,225.0
80.0,326.0,935.0,326.0,108.6666667,935.0,233.75,29292.0,14646.0,29049.0,243.0,104.0,136.0,98.69070334,108.6666667,233.75,326.0,935.0,26883.0
80.0,324.0,935.0,324.0,108.0,935.0,233.75,2038.0,1019.0,1786.0,252.0,104.0,136.0,389.9142189,108.0,233.75,324.0,935.0,26883.0
80.0,373.0,935.0,373.0,124.3333333,935.0,233.75,26711.0,13355.5,26001.0,710.0,104.0,136.0,66.78093627,124.3333333,233.75,373.0,935.0,26883.0
80.0,355.0,935.0,355.0,118.3333333,935.0,233.75,14574.0,7287.0,14325.0,249.0,104.0,136.0,84.65966813,118.3333333,233.75,355.0,935.0,26883.0
80.0,368.0,935.0,368.0,122.6666667,935.0,233.75,6700.0,3350.0,3659.0,3041.0,104.0,136.0,57.12109673,122.6666667,233.75,368.0,935.0,26883.0
80.0,345.0,935.0,345.0,115.0,935.0,233.75,31447.0,15723.5,31189.0,258.0,104.0,136.0,93.000186,115.0,233.75,345.0,935.0,26883.0
80.0,352.0,935.0,352.0,117.3333333,935.0,233.75,11585.0,5792.5,11292.0,293.0,104.0,136.0,105.3296819,117.3333333,233.75,352.0,935.0,26883.0
80.0,366.0,935.0,366.0,122.0,935.0,233.75,15594.0,7797.0,15287.0,307.0,104.0,136.0,64.57584433,122.0,233.75,366.0,935.0,26883.0
80.0,372.0,935.0,372.0,124.0,935.0,233.75,12852.0,6426.0,12016.0,836.0,104.0,136.0,77.17835919,124.0,233.75,372.0,935.0,26883.0
80.0,366.0,935.0,366.0,122.0,935.0,233.75,29818.0,14909.0,29415.0,403.0,104.0,136.0,97.99438166,122.0,233.75,366.0,935.0,26883.0
80.0,340.0,935.0,340.0,113.3333333,935.0,233.75,8663.0,4331.5,5689.0,2974.0,104.0,136.0,83.18544809,113.3333333,233.75,340.0,935.0,26883.0
80.0,353.0,935.0,353.0,117.6666667,935.0,233.75,628.0,314.0,593.0,35.0,104.0,136.0,102.7538019,117.6666667,233.75,353.0,935.0,26883.0
80.0,359.0,935.0,359.0,119.6666667,935.0,233.75,11459.0,5729.5,8358.0,3101.0,104.0,136.0,76.75775253,119.6666667,233.75,359.0,935.0,26883.0
80.0,380.0,935.0,380.0,126.6666667,935.0,233.75,15673.0,7836.5,15373.0,300.0,104.0,136.0,92.91665376,126.6666667,233.75,380.0,935.0,26883.0
80.0,372.0,935.0,372.0,124.0,935.0,233.75,11122.0,5561.0,8513.0,2609.0,104.0,136.0,44.61563629,124.0,233.75,372.0,935.0,26883.0
80.0,359.0,935.0,359.0,119.6666667,935.0,233.75,8849.0,4424.5,8581.0,268.0,104.0,136.0,309.7573567,119.6666667,233.75,359.0,935.0,26883.0
80.0,360.0,935.0,360.0,120.0,935.0,233.75,6292.0,3146.0,3725.0,2567.0,104.0,136.0,56.36766751,120.0,233.75,360.0,935.0,26883.0
80.0,318.0,935.0,318.0,106.0,935.0,233.75,3938.0,1969.0,2656.0,1282.0,104.0,136.0,58.2909105,106.0,233.75,318.0,935.0,26883.0
80.0,361.0,935.0,361.0,120.3333333,935.0,233.75,20592.0,10296.0,20326.0,266.0,104.0,136.0,79.25186242,120.3333333,233.75,361.0,935.0,26883.0
80.0,375.0,935.0,375.0,125.0,935.0,233.75,3497.0,1748.5,3233.0,264.0,104.0,136.0,171.2622024,125.0,233.75,375.0,935.0,26883.0
80.0,303.0,935.0,303.0,75.75,935.0,233.75,1033845.0,344615.0,1023093.0,1966.0,144.0,136.0,3.745030812,75.75,233.75,303.0,935.0,26883.0
80.0,330.0,935.0,330.0,110.0,935.0,233.75,10232.0,5116.0,9938.0,294.0,104.0,136.0,165.62689780000005,110.0,233.75,330.0,935.0,26883.0
80.0,370.0,935.0,370.0,123.3333333,935.0,233.75,1977.0,988.5,1711.0,266.0,104.0,136.0,723.9382239,123.3333333,233.75,370.0,935.0,26883.0
80.0,0.0,0.0,0.0,0.0,0.0,0.0,99.0,99.0,99.0,99.0,64.0,0.0,20202.0202,0.0,0.0,0.0,0.0,225.0
80.0,359.0,935.0,359.0,119.6666667,935.0,233.75,15993.0,7996.5,15043.0,950.0,104.0,136.0,118.7648456,119.6666667,233.75,359.0,935.0,26883.0
80.0,339.0,935.0,339.0,113.0,935.0,233.75,32797.0,16398.5,32527.0,270.0,104.0,136.0,88.18860603,113.0,233.75,339.0,935.0,26883.0
80.0,401.0,935.0,401.0,133.6666667,935.0,233.75,12364.0,6182.0,8164.0,4200.0,104.0,136.0,51.05166428,133.6666667,233.75,401.0,935.0,26883.0
80.0,0.0,0.0,0.0,0.0,0.0,0.0,84.0,84.0,84.0,84.0,64.0,0.0,23809.52381,0.0,0.0,0.0,0.0,225.0
80.0,376.0,935.0,376.0,125.3333333,935.0,233.75,19578.0,9789.0,19298.0,280.0,104.0,136.0,124.23903590000002,125.3333333,233.75,376.0,935.0,26883.0
80.0,0.0,0.0,0.0,0.0,0.0,0.0,110.0,110.0,110.0,110.0,64.0,0.0,18181.81818,0.0,0.0,0.0,0.0,225.0
80.0,356.0,935.0,356.0,118.6666667,935.0,233.75,4744.0,2372.0,2975.0,1769.0,104.0,136.0,60.98924556,118.6666667,233.75,356.0,935.0,26883.0
80.0,0.0,0.0,0.0,0.0,0.0,0.0,104.0,104.0,104.0,104.0,64.0,0.0,19230.76923,0.0,0.0,0.0,0.0,225.0
80.0,376.0,935.0,376.0,125.3333333,935.0,233.75,12148.0,6074.0,11823.0,325.0,104.0,136.0,241.4681262,125.3333333,233.75,376.0,935.0,26883.0
80.0,328.0,935.0,328.0,109.3333333,935.0,233.75,37120.0,18560.0,36813.0,307.0,104.0,136.0,75.17854905,109.3333333,233.75,328.0,935.0,26883.0
80.0,308.0,935.0,308.0,102.6666667,935.0,233.75,22400.0,11200.0,13953.0,8447.0,104.0,136.0,44.51566952,102.6666667,233.75,308.0,935.0,26883.0
80.0,316.0,935.0,316.0,105.3333333,935.0,233.75,17074.0,8537.0,16760.0,314.0,104.0,136.0,97.34570705,105.3333333,233.75,316.0,935.0,26883.0
80.0,346.0,935.0,346.0,115.3333333,935.0,233.75,28190.0,14095.0,27733.0,457.0,104.0,136.0,105.2446939,115.3333333,233.75,346.0,935.0,26883.0
80.0,358.0,935.0,358.0,119.3333333,935.0,233.75,20638.0,10319.0,20337.0,301.0,104.0,136.0,139.82754599999998,119.3333333,233.75,358.0,935.0,26883.0
80.0,286.0,935.0,286.0,95.33333333,935.0,233.75,20380.0,10190.0,20127.0,253.0,104.0,136.0,84.14439178,95.33333333,233.75,286.0,935.0,26883.0
80.0,345.0,935.0,345.0,115.0,935.0,233.75,6443.0,3221.5,5271.0,1172.0,104.0,136.0,61.05751618,115.0,233.75,345.0,935.0,26883.0
80.0,307.0,935.0,307.0,102.3333333,935.0,233.75,19920.0,9960.0,19609.0,311.0,104.0,136.0,133.3451862,102.3333333,233.75,307.0,935.0,26883.0
80.0,355.0,935.0,355.0,118.3333333,935.0,233.75,10042.0,5021.0,9755.0,287.0,104.0,136.0,125.2139071,118.3333333,233.75,355.0,935.0,26883.0
80.0,306.0,935.0,306.0,102.0,935.0,233.75,33141.0,16570.5,31203.0,1938.0,104.0,136.0,81.87996397,102.0,233.75,306.0,935.0,26883.0
80.0,370.0,935.0,370.0,123.3333333,935.0,233.75,79136.0,39568.0,78878.0,258.0,104.0,136.0,33.61043268,123.3333333,233.75,370.0,935.0,26883.0
80.0,402.0,935.0,402.0,134.0,935.0,233.75,3984.0,1992.0,2611.0,1373.0,104.0,136.0,61.06870229,134.0,233.75,402.0,935.0,26883.0
80.0,409.0,935.0,409.0,136.33333330000002,935.0,233.75,43530.0,21765.0,41046.0,2484.0,104.0,136.0,51.91568892,136.33333330000002,233.75,409.0,935.0,26883.0
80.0,327.0,935.0,327.0,109.0,935.0,233.75,5508.0,2754.0,2860.0,2648.0,104.0,136.0,57.11674663,109.0,233.75,327.0,935.0,26883.0
80.0,412.0,935.0,412.0,137.33333330000002,935.0,233.75,22442.0,11221.0,22095.0,347.0,104.0,136.0,92.81316709,137.33333330000002,233.75,412.0,935.0,26883.0
80.0,310.0,935.0,310.0,103.3333333,935.0,233.75,12590.0,6295.0,9870.0,2720.0,104.0,136.0,51.44209335,103.3333333,233.75,310.0,935.0,26883.0
80.0,296.0,935.0,296.0,98.66666667,935.0,233.75,21198.0,10599.0,20903.0,295.0,104.0,136.0,64.38735432,98.66666667,233.75,296.0,935.0,26883.0
80.0,361.0,935.0,361.0,120.3333333,935.0,233.75,4527.0,2263.5,4288.0,239.0,104.0,136.0,345.9010723,120.3333333,233.75,361.0,935.0,26883.0
80.0,328.0,935.0,328.0,109.3333333,935.0,233.75,34464.0,17232.0,34160.0,304.0,104.0,136.0,84.07129246,109.3333333,233.75,328.0,935.0,26883.0
80.0,311.0,935.0,311.0,103.6666667,935.0,233.75,12752.0,6376.0,12479.0,273.0,104.0,136.0,114.5737855,103.6666667,233.75,311.0,935.0,26883.0
80.0,330.0,935.0,330.0,110.0,935.0,233.75,6807.0,3403.5,4514.0,2293.0,104.0,136.0,83.25470389,110.0,233.75,330.0,935.0,26883.0
80.0,374.0,935.0,374.0,124.6666667,935.0,233.75,2633.0,1316.5,1452.0,1181.0,104.0,136.0,502.5967499,124.6666667,233.75,374.0,935.0,26883.0
80.0,323.0,935.0,323.0,107.6666667,935.0,233.75,9516.0,4758.0,7731.0,1785.0,104.0,136.0,70.26419337,107.6666667,233.75,323.0,935.0,26883.0
80.0,356.0,935.0,356.0,118.6666667,935.0,233.75,5197.0,2598.5,4946.0,251.0,104.0,136.0,78.1555295,118.6666667,233.75,356.0,935.0,26883.0
80.0,0.0,0.0,0.0,0.0,0.0,0.0,71.0,71.0,71.0,71.0,64.0,0.0,28169.01408,0.0,0.0,0.0,0.0,225.0
80.0,361.0,935.0,361.0,120.3333333,935.0,233.75,28705.0,14352.5,22123.0,6582.0,104.0,136.0,85.1861317,120.3333333,233.75,361.0,935.0,26883.0
80.0,0.0,0.0,0.0,0.0,0.0,0.0,57.0,57.0,57.0,57.0,64.0,0.0,35087.7193,0.0,0.0,0.0,0.0,225.0
80.0,0.0,0.0,0.0,0.0,0.0,0.0,22.0,22.0,22.0,22.0,64.0,0.0,90909.09091,0.0,0.0,0.0,0.0,225.0
80.0,414.0,935.0,414.0,138.0,935.0,233.75,8071.0,4035.5,6561.0,1510.0,104.0,136.0,64.28938797,138.0,233.75,414.0,935.0,26883.0
80.0,408.0,935.0,408.0,136.0,935.0,233.75,33021.0,16510.5,32759.0,262.0,104.0,136.0,88.05659104,136.0,233.75,408.0,935.0,26883.0
80.0,344.0,935.0,344.0,114.6666667,935.0,233.75,15957.0,7978.5,15668.0,289.0,104.0,136.0,94.50604839,114.6666667,233.75,344.0,935.0,26883.0
80.0,310.0,935.0,310.0,103.3333333,935.0,233.75,10630.0,5315.0,8512.0,2118.0,104.0,136.0,79.66223214,103.3333333,233.75,310.0,935.0,26883.0
80.0,335.0,935.0,335.0,111.6666667,935.0,233.75,10773.0,5386.5,8979.0,1794.0,104.0,136.0,86.90110654,111.6666667,233.75,335.0,935.0,26883.0
80.0,348.0,935.0,348.0,116.0,935.0,233.75,6219.0,3109.5,3579.0,2640.0,104.0,136.0,64.59670126,116.0,233.75,348.0,935.0,26883.0
80.0,351.0,935.0,351.0,117.0,935.0,233.75,5967.0,2983.5,3337.0,2630.0,104.0,136.0,60.63668519,117.0,233.75,351.0,935.0,26883.0
80.0,374.0,935.0,374.0,124.6666667,935.0,233.75,36393.0,18196.5,36055.0,338.0,104.0,136.0,80.74935401,124.6666667,233.75,374.0,935.0,26883.0
80.0,363.0,935.0,363.0,121.0,935.0,233.75,41488.0,20744.0,41195.0,293.0,104.0,136.0,53.59152539,121.0,233.75,363.0,935.0,26883.0
80.0,369.0,935.0,369.0,123.0,935.0,233.75,12428.0,6214.0,12146.0,282.0,104.0,136.0,110.0392473,123.0,233.75,369.0,935.0,26883.0
80.0,309.0,935.0,309.0,103.0,935.0,233.75,37682.0,18841.0,37386.0,296.0,104.0,136.0,75.32767539,103.0,233.75,309.0,935.0,26883.0
80.0,321.0,935.0,321.0,107.0,935.0,233.75,25986.0,12993.0,25541.0,445.0,104.0,136.0,101.6397886,107.0,233.75,321.0,935.0,26883.0
80.0,346.0,935.0,346.0,115.3333333,935.0,233.75,2176.0,1088.0,1740.0,436.0,104.0,136.0,218.2770664,115.3333333,233.75,346.0,935.0,26883.0
80.0,374.0,935.0,374.0,124.6666667,935.0,233.75,7036.0,3518.0,6140.0,896.0,104.0,136.0,60.24459305,124.6666667,233.75,374.0,935.0,26883.0
80.0,373.0,935.0,373.0,124.3333333,935.0,233.75,2568.0,1284.0,2265.0,303.0,104.0,136.0,181.3017465,124.3333333,233.75,373.0,935.0,26883.0
80.0,377.0,935.0,377.0,125.6666667,935.0,233.75,41479.0,20739.5,41187.0,292.0,104.0,136.0,67.00466799,125.6666667,233.75,377.0,935.0,26883.0
80.0,362.0,935.0,362.0,120.6666667,935.0,233.75,31759.0,15879.5,31342.0,417.0,104.0,136.0,90.62075215,120.6666667,233.75,362.0,935.0,26883.0
80.0,350.0,935.0,350.0,116.6666667,935.0,233.75,6831.0,3415.5,6579.0,252.0,104.0,136.0,81.46860743,116.6666667,233.75,350.0,935.0,26883.0
80.0,0.0,0.0,0.0,0.0,0.0,0.0,72.0,72.0,72.0,72.0,64.0,0.0,27777.77778,0.0,0.0,0.0,0.0,225.0
80.0,349.0,935.0,349.0,116.3333333,935.0,233.75,50870.0,25435.0,50577.0,293.0,104.0,136.0,29.62260797,116.3333333,233.75,349.0,935.0,26883.0
80.0,373.0,935.0,373.0,124.3333333,935.0,233.75,44306.0,22153.0,44064.0,242.0,104.0,136.0,66.86875892,124.3333333,233.75,373.0,935.0,26883.0
80.0,292.0,935.0,292.0,58.4,935.0,311.6666667,39248.0,9812.0,36396.0,403.0,168.0,104.0,127.3950265,58.4,311.6666667,292.0,935.0,26883.0
80.0,326.0,935.0,326.0,108.6666667,935.0,233.75,10624.0,5312.0,8671.0,1953.0,104.0,136.0,59.90534955,108.6666667,233.75,326.0,935.0,26883.0
80.0,293.0,935.0,293.0,97.66666667,935.0,233.75,12580.0,6290.0,8648.0,3932.0,104.0,136.0,49.34129373,97.66666667,233.75,293.0,935.0,26883.0
80.0,406.0,935.0,406.0,135.33333330000002,935.0,233.75,11879.0,5939.5,11482.0,397.0,104.0,136.0,117.8920894,135.33333330000002,233.75,406.0,935.0,26883.0
80.0,0.0,0.0,0.0,0.0,0.0,0.0,81.0,81.0,81.0,81.0,64.0,0.0,24691.35802,0.0,0.0,0.0,0.0,225.0
80.0,287.0,935.0,287.0,95.66666667,935.0,233.75,27616.0,13808.0,27276.0,340.0,104.0,136.0,58.45218611,95.66666667,233.75,287.0,935.0,26883.0
80.0,363.0,935.0,363.0,121.0,935.0,233.75,8081.0,4040.5,4681.0,3400.0,104.0,136.0,80.42464211,121.0,233.75,363.0,935.0,26883.0
80.0,0.0,0.0,0.0,0.0,0.0,0.0,34.0,34.0,34.0,34.0,64.0,0.0,58823.52941,0.0,0.0,0.0,0.0,225.0
80.0,314.0,935.0,314.0,104.6666667,935.0,233.75,4262.0,2131.0,2196.0,2066.0,104.0,136.0,67.41270055,104.6666667,233.75,314.0,935.0,26883.0
80.0,303.0,935.0,303.0,101.0,935.0,233.75,32871.0,16435.5,32526.0,345.0,104.0,136.0,82.70158511,101.0,233.75,303.0,935.0,26883.0
80.0,399.0,935.0,399.0,133.0,935.0,233.75,7413.0,3706.5,7170.0,243.0,104.0,136.0,88.90996384,133.0,233.75,399.0,935.0,26883.0
80.0,311.0,935.0,311.0,103.6666667,935.0,233.75,54552.0,27276.0,54169.0,383.0,104.0,136.0,42.63665046,103.6666667,233.75,311.0,935.0,26883.0
80.0,304.0,935.0,304.0,101.3333333,935.0,233.75,30705.0,15352.5,30332.0,373.0,104.0,136.0,94.28032684,101.3333333,233.75,304.0,935.0,26883.0
80.0,356.0,935.0,356.0,118.6666667,935.0,233.75,30250.0,15125.0,29954.0,296.0,104.0,136.0,40.73153843,118.6666667,233.75,356.0,935.0,26883.0
80.0,310.0,935.0,310.0,103.3333333,935.0,233.75,9965.0,4982.5,7215.0,2750.0,104.0,136.0,63.53643815,103.3333333,233.75,310.0,935.0,26883.0
80.0,0.0,0.0,0.0,0.0,0.0,0.0,45.0,45.0,45.0,45.0,64.0,0.0,44444.44444,0.0,0.0,0.0,0.0,225.0
80.0,305.0,935.0,305.0,101.6666667,935.0,233.75,18840.0,9420.0,18551.0,289.0,104.0,136.0,113.9687726,101.6666667,233.75,305.0,935.0,26883.0
80.0,370.0,935.0,370.0,123.3333333,935.0,233.75,30233.0,15116.5,29985.0,248.0,104.0,136.0,60.21194605,123.3333333,233.75,370.0,935.0,26883.0
80.0,364.0,935.0,364.0,121.3333333,935.0,233.75,31682.0,15841.0,31308.0,374.0,104.0,136.0,93.73242517,121.3333333,233.75,364.0,935.0,26883.0
80.0,303.0,935.0,303.0,101.0,935.0,233.75,12271.0,6135.5,8174.0,4097.0,104.0,136.0,59.38007205,101.0,233.75,303.0,935.0,26883.0
80.0,363.0,935.0,363.0,121.0,935.0,233.75,14369.0,7184.5,14066.0,303.0,104.0,136.0,115.6559621,121.0,233.75,363.0,935.0,26883.0
80.0,370.0,935.0,370.0,123.3333333,935.0,233.75,7629.0,3814.5,6766.0,863.0,104.0,136.0,190.8032818,123.3333333,233.75,370.0,935.0,26883.0
80.0,366.0,935.0,366.0,122.0,935.0,233.75,13430.0,6715.0,11985.0,1445.0,104.0,136.0,57.52967572,122.0,233.75,366.0,935.0,26883.0
80.0,0.0,0.0,0.0,0.0,0.0,0.0,46.0,46.0,46.0,46.0,64.0,0.0,43478.26087,0.0,0.0,0.0,0.0,225.0
80.0,359.0,935.0,359.0,119.6666667,935.0,233.75,4929.0,2464.5,4662.0,267.0,104.0,136.0,195.4524725,119.6666667,233.75,359.0,935.0,26883.0
80.0,0.0,0.0,0.0,0.0,0.0,0.0,111.0,111.0,111.0,111.0,64.0,0.0,18018.01802,0.0,0.0,0.0,0.0,225.0
80.0,361.0,935.0,361.0,120.3333333,935.0,233.75,45934.0,22967.0,44034.0,1900.0,104.0,136.0,51.28380457,120.3333333,233.75,361.0,935.0,26883.0
80.0,335.0,935.0,335.0,111.6666667,935.0,233.75,27715.0,13857.5,27404.0,311.0,104.0,136.0,98.57396333,111.6666667,233.75,335.0,935.0,26883.0
80.0,370.0,935.0,370.0,123.3333333,935.0,233.75,13158.0,6579.0,10312.0,2846.0,104.0,136.0,44.49850188,123.3333333,233.75,370.0,935.0,26883.0
80.0,299.0,935.0,299.0,99.66666667,935.0,233.75,7623.0,3811.5,7354.0,269.0,104.0,136.0,128.9379808,99.66666667,233.75,299.0,935.0,26883.0
80.0,356.0,935.0,356.0,118.6666667,935.0,233.75,36205.0,18102.5,35824.0,381.0,104.0,136.0,80.29978587,118.6666667,233.75,356.0,935.0,26883.0
80.0,318.0,935.0,318.0,106.0,935.0,233.75,8789.0,4394.5,4641.0,4148.0,104.0,136.0,65.5379574,106.0,233.75,318.0,935.0,26883.0
80.0,311.0,935.0,311.0,103.6666667,935.0,233.75,30514.0,15257.0,30270.0,244.0,104.0,136.0,58.33284723,103.6666667,233.75,311.0,935.0,26883.0
80.0,351.0,935.0,351.0,117.0,935.0,233.75,24686.0,12343.0,24428.0,258.0,104.0,136.0,55.01054369,117.0,233.75,351.0,935.0,26883.0
80.0,333.0,935.0,333.0,111.0,935.0,233.75,35423.0,17711.5,35142.0,281.0,104.0,136.0,81.83529283,111.0,233.75,333.0,935.0,26883.0
80.0,419.0,935.0,419.0,139.66666669999998,935.0,233.75,72052.0,36026.0,71784.0,268.0,104.0,136.0,26.30702047,139.66666669999998,233.75,419.0,935.0,26883.0
80.0,354.0,935.0,354.0,118.0,935.0,233.75,3152.0,1576.0,2899.0,253.0,104.0,136.0,545.8515284,118.0,233.75,354.0,935.0,26883.0
80.0,0.0,0.0,0.0,0.0,0.0,0.0,106.0,106.0,106.0,106.0,64.0,0.0,18867.92453,0.0,0.0,0.0,0.0,225.0
80.0,342.0,935.0,342.0,114.0,935.0,233.75,3361.0,1680.5,3078.0,283.0,104.0,136.0,245.96212180000003,114.0,233.75,342.0,935.0,26883.0
80.0,364.0,935.0,364.0,121.3333333,935.0,233.75,13189.0,6594.5,12897.0,292.0,104.0,136.0,83.03119205,121.3333333,233.75,364.0,935.0,26883.0
80.0,370.0,935.0,370.0,123.3333333,935.0,233.75,12602.0,6301.0,11871.0,731.0,104.0,136.0,59.05395563,123.3333333,233.75,370.0,935.0,26883.0
80.0,355.0,935.0,355.0,118.3333333,935.0,233.75,10298.0,5149.0,9965.0,333.0,104.0,136.0,157.72870659999995,118.3333333,233.75,355.0,935.0,26883.0
80.0,326.0,935.0,326.0,108.6666667,935.0,233.75,17102.0,8551.0,16825.0,277.0,104.0,136.0,50.10187381,108.6666667,233.75,326.0,935.0,26883.0
80.0,310.0,935.0,310.0,103.3333333,935.0,233.75,29370.0,14685.0,28792.0,578.0,104.0,136.0,97.04968944,103.3333333,233.75,310.0,935.0,26883.0
80.0,0.0,0.0,0.0,0.0,0.0,0.0,108.0,108.0,108.0,108.0,64.0,0.0,18518.51852,0.0,0.0,0.0,0.0,225.0
80.0,291.0,935.0,291.0,97.0,935.0,233.75,12751.0,6375.5,12511.0,240.0,104.0,136.0,119.8513843,97.0,233.75,291.0,935.0,26883.0
80.0,358.0,935.0,358.0,119.3333333,935.0,233.75,7571.0,3785.5,7260.0,311.0,104.0,136.0,348.9995347,119.3333333,233.75,358.0,935.0,26883.0
80.0,399.0,935.0,399.0,133.0,935.0,233.75,11597.0,5798.5,11324.0,273.0,104.0,136.0,84.07129246,133.0,233.75,399.0,935.0,26883.0
80.0,338.0,935.0,338.0,112.6666667,935.0,233.75,15089.0,7544.5,14851.0,238.0,104.0,136.0,152.261077,112.6666667,233.75,338.0,935.0,26883.0
80.0,714.0,935.0,357.0,142.8,935.0,233.75,1244737.0,311184.25,1021035.0,3307.0,176.0,136.0,3.893304762,142.8,233.75,714.0,935.0,26883.0
80.0,334.0,935.0,334.0,111.3333333,935.0,233.75,11737.0,5868.5,11442.0,295.0,104.0,136.0,90.14964842,111.3333333,233.75,334.0,935.0,26883.0
80.0,333.0,935.0,333.0,111.0,935.0,233.75,29852.0,14926.0,29544.0,308.0,104.0,136.0,58.88125613,111.0,233.75,333.0,935.0,26883.0
80.0,353.0,935.0,353.0,117.6666667,935.0,233.75,12188.0,6094.0,11911.0,277.0,104.0,136.0,97.87928222,117.6666667,233.75,353.0,935.0,26883.0
80.0,376.0,935.0,376.0,125.3333333,935.0,233.75,1274.0,637.0,980.0,294.0,104.0,136.0,73.04779761,125.3333333,233.75,376.0,935.0,26883.0
80.0,342.0,935.0,342.0,114.0,935.0,233.75,1961.0,980.5,1657.0,304.0,104.0,136.0,659.7756763,114.0,233.75,342.0,935.0,26883.0
80.0,744.0,935.0,372.0,186.0,935.0,233.75,213835.0,71278.33333,207035.0,2965.0,136.0,136.0,16.19774203,186.0,233.75,744.0,935.0,26883.0
80.0,360.0,935.0,360.0,120.0,935.0,233.75,30033.0,15016.5,29792.0,241.0,104.0,136.0,90.48136084,120.0,233.75,360.0,935.0,26883.0
80.0,352.0,935.0,352.0,117.3333333,935.0,233.75,5772.0,2886.0,3206.0,2566.0,104.0,136.0,59.16576275,117.3333333,233.75,352.0,935.0,26883.0
80.0,314.0,935.0,314.0,104.6666667,935.0,233.75,977.0,488.5,517.0,460.0,104.0,136.0,168.7953638,104.6666667,233.75,314.0,935.0,26883.0
80.0,0.0,0.0,0.0,0.0,0.0,0.0,72.0,72.0,72.0,72.0,64.0,0.0,27777.77778,0.0,0.0,0.0,0.0,225.0
80.0,390.0,935.0,390.0,130.0,935.0,233.75,35605.0,17802.5,35362.0,243.0,104.0,136.0,80.17960231,130.0,233.75,390.0,935.0,26883.0
80.0,368.0,935.0,368.0,122.6666667,935.0,233.75,724.0,362.0,498.0,226.0,104.0,136.0,142.8775539,122.6666667,233.75,368.0,935.0,26883.0
80.0,724.0,935.0,362.0,181.0,935.0,233.75,206523.0,68841.0,203660.0,1208.0,136.0,136.0,16.99531354,181.0,233.75,724.0,935.0,26883.0
80.0,376.0,935.0,376.0,125.3333333,935.0,233.75,44706.0,22353.0,44444.0,262.0,104.0,136.0,53.08231297,125.3333333,233.75,376.0,935.0,26883.0
80.0,316.0,935.0,316.0,105.3333333,935.0,233.75,51160.0,25580.0,50840.0,320.0,104.0,136.0,48.50444624,105.3333333,233.75,316.0,935.0,26883.0
80.0,324.0,935.0,324.0,108.0,935.0,233.75,5515.0,2757.5,5251.0,264.0,104.0,136.0,328.1557646,108.0,233.75,324.0,935.0,26883.0
80.0,0.0,0.0,0.0,0.0,0.0,0.0,114.0,114.0,114.0,114.0,64.0,0.0,17543.85965,0.0,0.0,0.0,0.0,225.0
80.0,300.0,935.0,300.0,100.0,935.0,233.75,32192.0,16096.0,31908.0,284.0,104.0,136.0,91.34366532,100.0,233.75,300.0,935.0,26883.0
80.0,378.0,935.0,378.0,126.0,935.0,233.75,55799.0,27899.5,55459.0,340.0,104.0,136.0,30.27397951,126.0,233.75,378.0,935.0,26883.0
80.0,332.0,935.0,332.0,110.6666667,935.0,233.75,17212.0,8606.0,14528.0,2684.0,104.0,136.0,63.93316853,110.6666667,233.75,332.0,935.0,26883.0
80.0,356.0,935.0,356.0,118.6666667,935.0,233.75,28663.0,14331.5,28417.0,246.0,104.0,136.0,47.61224587,118.6666667,233.75,356.0,935.0,26883.0
80.0,0.0,0.0,0.0,0.0,0.0,0.0,95.0,95.0,95.0,95.0,64.0,0.0,21052.63158,0.0,0.0,0.0,0.0,225.0
80.0,307.0,935.0,307.0,102.3333333,935.0,233.75,12243.0,6121.5,11255.0,988.0,104.0,136.0,53.38078292,102.3333333,233.75,307.0,935.0,26883.0
80.0,373.0,935.0,373.0,124.3333333,935.0,233.75,13402.0,6701.0,12234.0,1168.0,104.0,136.0,57.49659812,124.3333333,233.75,373.0,935.0,26883.0
80.0,398.0,935.0,398.0,132.6666667,935.0,233.75,19484.0,9742.0,19130.0,354.0,104.0,136.0,75.34280978,132.6666667,233.75,398.0,935.0,26883.0
80.0,0.0,0.0,0.0,0.0,0.0,0.0,90.0,90.0,90.0,90.0,64.0,0.0,22222.22222,0.0,0.0,0.0,0.0,225.0
80.0,372.0,935.0,372.0,124.0,935.0,233.75,35569.0,17784.5,35280.0,289.0,104.0,136.0,68.1616795,124.0,233.75,372.0,935.0,26883.0
80.0,0.0,0.0,0.0,0.0,0.0,0.0,115.0,115.0,115.0,115.0,64.0,0.0,17391.30435,0.0,0.0,0.0,0.0,225.0
80.0,353.0,935.0,353.0,117.6666667,935.0,233.75,12524.0,6262.0,12255.0,269.0,104.0,136.0,92.75290626,117.6666667,233.75,353.0,935.0,26883.0
80.0,308.0,935.0,308.0,102.6666667,935.0,233.75,13605.0,6802.5,9122.0,4483.0,104.0,136.0,55.58025789,102.6666667,233.75,308.0,935.0,26883.0
80.0,382.0,935.0,382.0,127.3333333,935.0,233.75,3821.0,1910.5,3516.0,305.0,104.0,136.0,411.8616145,127.3333333,233.75,382.0,935.0,26883.0
80.0,319.0,935.0,319.0,106.3333333,935.0,233.75,8559.0,4279.5,5415.0,3144.0,104.0,136.0,59.15176371,106.3333333,233.75,319.0,935.0,26883.0
80.0,372.0,935.0,372.0,124.0,935.0,233.75,9489.0,4744.5,7554.0,1935.0,104.0,136.0,70.83156254,124.0,233.75,372.0,935.0,26883.0
80.0,0.0,0.0,0.0,0.0,0.0,0.0,63.0,63.0,63.0,63.0,64.0,0.0,31746.03175,0.0,0.0,0.0,0.0,225.0
80.0,0.0,0.0,0.0,0.0,0.0,0.0,109.0,109.0,109.0,109.0,64.0,0.0,18348.62385,0.0,0.0,0.0,0.0,225.0
80.0,0.0,0.0,0.0,0.0,0.0,0.0,32.0,32.0,32.0,32.0,64.0,0.0,62500.0,0.0,0.0,0.0,0.0,225.0
80.0,320.0,935.0,320.0,106.6666667,935.0,233.75,12493.0,6246.5,12158.0,335.0,104.0,136.0,90.81002543,106.6666667,233.75,320.0,935.0,26883.0
80.0,290.0,935.0,290.0,96.66666667,935.0,233.75,3077.0,1538.5,2824.0,253.0,104.0,136.0,595.0019833,96.66666667,233.75,290.0,935.0,26883.0
80.0,365.0,935.0,365.0,121.6666667,935.0,233.75,31283.0,15641.5,30995.0,288.0,104.0,136.0,90.29073617,121.6666667,233.75,365.0,935.0,26883.0
80.0,0.0,0.0,0.0,0.0,0.0,0.0,53.0,53.0,53.0,53.0,64.0,0.0,37735.84906,0.0,0.0,0.0,0.0,225.0
80.0,358.0,935.0,358.0,119.3333333,935.0,233.75,15919.0,7959.5,15614.0,305.0,104.0,136.0,71.26398556,119.3333333,233.75,358.0,935.0,26883.0
80.0,350.0,935.0,350.0,116.6666667,935.0,233.75,1243.0,621.5,870.0,373.0,104.0,136.0,128.5347044,116.6666667,233.75,350.0,935.0,26883.0
80.0,0.0,0.0,0.0,0.0,0.0,0.0,48.0,48.0,48.0,48.0,64.0,0.0,41666.66667,0.0,0.0,0.0,0.0,225.0
80.0,356.0,935.0,356.0,118.6666667,935.0,233.75,7670.0,3835.0,5848.0,1822.0,104.0,136.0,63.02785831,118.6666667,233.75,356.0,935.0,26883.0
80.0,365.0,935.0,365.0,121.6666667,935.0,233.75,41984.0,20992.0,41711.0,273.0,104.0,136.0,65.19188144,121.6666667,233.75,365.0,935.0,26883.0
80.0,364.0,935.0,364.0,121.3333333,935.0,233.75,30580.0,15290.0,30333.0,247.0,104.0,136.0,94.53880818,121.3333333,233.75,364.0,935.0,26883.0
80.0,294.0,935.0,294.0,98.0,935.0,233.75,50624.0,25312.0,50361.0,263.0,104.0,136.0,45.41944861,98.0,233.75,294.0,935.0,26883.0
80.0,0.0,0.0,0.0,0.0,0.0,0.0,94.0,94.0,94.0,94.0,64.0,0.0,21276.59574,0.0,0.0,0.0,0.0,225.0
80.0,362.0,935.0,362.0,120.6666667,935.0,233.75,25413.0,12706.5,25114.0,299.0,104.0,136.0,106.4660373,120.6666667,233.75,362.0,935.0,26883.0
80.0,335.0,935.0,335.0,111.6666667,935.0,233.75,4947.0,2473.5,2542.0,2405.0,104.0,136.0,58.70152233,111.6666667,233.75,335.0,935.0,26883.0
80.0,307.0,935.0,307.0,102.3333333,935.0,233.75,9527.0,4763.5,5779.0,3748.0,104.0,136.0,64.12037532,102.3333333,233.75,307.0,935.0,26883.0
80.0,408.0,935.0,408.0,136.0,935.0,233.75,12063.0,6031.5,9979.0,2084.0,104.0,136.0,54.84059667,136.0,233.75,408.0,935.0,26883.0
80.0,355.0,935.0,355.0,118.3333333,935.0,233.75,25254.0,12627.0,25000.0,254.0,104.0,136.0,109.5130321,118.3333333,233.75,355.0,935.0,26883.0
80.0,352.0,935.0,352.0,117.3333333,935.0,233.75,23591.0,11795.5,23317.0,274.0,104.0,136.0,119.474313,117.3333333,233.75,352.0,935.0,26883.0
80.0,0.0,0.0,0.0,0.0,0.0,0.0,48.0,48.0,48.0,48.0,64.0,0.0,41666.66667,0.0,0.0,0.0,0.0,225.0
80.0,358.0,935.0,358.0,119.3333333,935.0,233.75,35924.0,17962.0,35639.0,285.0,104.0,136.0,80.24394158,119.3333333,233.75,358.0,935.0,26883.0
80.0,373.0,935.0,373.0,124.3333333,935.0,233.75,27488.0,13744.0,27196.0,292.0,104.0,136.0,105.99208590000002,124.3333333,233.75,373.0,935.0,26883.0
80.0,352.0,935.0,352.0,117.3333333,935.0,233.75,1999.0,999.5,1532.0,467.0,104.0,136.0,338.066261,117.3333333,233.75,352.0,935.0,26883.0
80.0,316.0,935.0,316.0,105.3333333,935.0,233.75,33113.0,16556.5,32839.0,274.0,104.0,136.0,78.56076675,105.3333333,233.75,316.0,935.0,26883.0
80.0,0.0,0.0,0.0,0.0,0.0,0.0,17.0,17.0,17.0,17.0,64.0,0.0,117647.0588,0.0,0.0,0.0,0.0,225.0
80.0,312.0,935.0,312.0,104.0,935.0,233.75,11602.0,5801.0,11358.0,244.0,104.0,136.0,173.892882,104.0,233.75,312.0,935.0,26883.0
80.0,328.0,935.0,328.0,109.3333333,935.0,233.75,22331.0,11165.5,22084.0,247.0,104.0,136.0,81.20178644,109.3333333,233.75,328.0,935.0,26883.0
80.0,356.0,935.0,356.0,118.6666667,935.0,233.75,5550.0,2775.0,5294.0,256.0,104.0,136.0,208.521582,118.6666667,233.75,356.0,935.0,26883.0
80.0,338.0,935.0,338.0,112.6666667,935.0,233.75,7515.0,3757.5,7262.0,253.0,104.0,136.0,110.9508488,112.6666667,233.75,338.0,935.0,26883.0
80.0,372.0,935.0,372.0,124.0,935.0,233.75,13641.0,6820.5,10459.0,3182.0,104.0,136.0,52.93993083,124.0,233.75,372.0,935.0,26883.0
80.0,373.0,935.0,373.0,124.3333333,935.0,233.75,8155.0,4077.5,7836.0,319.0,104.0,136.0,144.98356850000005,124.3333333,233.75,373.0,935.0,26883.0
80.0,0.0,0.0,0.0,0.0,0.0,0.0,107.0,107.0,107.0,107.0,64.0,0.0,18691.58879,0.0,0.0,0.0,0.0,225.0
80.0,0.0,0.0,0.0,0.0,0.0,0.0,115.0,115.0,115.0,115.0,64.0,0.0,17391.30435,0.0,0.0,0.0,0.0,225.0
80.0,330.0,935.0,330.0,110.0,935.0,233.75,14466.0,7233.0,14161.0,305.0,104.0,136.0,118.2312603,110.0,233.75,330.0,935.0,26883.0
80.0,331.0,935.0,331.0,110.3333333,935.0,233.75,29437.0,14718.5,28978.0,459.0,104.0,136.0,69.05759403,110.3333333,233.75,331.0,935.0,26883.0
80.0,357.0,935.0,357.0,119.0,935.0,233.75,27280.0,13640.0,26944.0,336.0,104.0,136.0,107.9602706,119.0,233.75,357.0,935.0,26883.0
80.0,290.0,935.0,290.0,96.66666667,935.0,233.75,38749.0,19374.5,38444.0,305.0,104.0,136.0,72.82083647,96.66666667,233.75,290.0,935.0,26883.0
80.0,0.0,0.0,0.0,0.0,0.0,0.0,104.0,104.0,104.0,104.0,64.0,0.0,19230.76923,0.0,0.0,0.0,0.0,225.0
80.0,357.0,935.0,357.0,119.0,935.0,233.75,32565.0,16282.5,32285.0,280.0,104.0,136.0,90.55783627,119.0,233.75,357.0,935.0,26883.0
80.0,351.0,935.0,351.0,117.0,935.0,233.75,33440.0,16720.0,33103.0,337.0,104.0,136.0,84.70508513,117.0,233.75,351.0,935.0,26883.0
80.0,332.0,935.0,332.0,110.6666667,935.0,233.75,13807.0,6903.5,13466.0,341.0,104.0,136.0,207.4545329,110.6666667,233.75,332.0,935.0,26883.0
80.0,0.0,0.0,0.0,0.0,0.0,0.0,89.0,89.0,89.0,89.0,64.0,0.0,22471.91011,0.0,0.0,0.0,0.0,225.0
80.0,325.0,935.0,325.0,108.3333333,935.0,233.75,29239.0,14619.5,28946.0,293.0,104.0,136.0,53.38173277,108.3333333,233.75,325.0,935.0,26883.0
80.0,316.0,935.0,316.0,105.3333333,935.0,233.75,25278.0,12639.0,25005.0,273.0,104.0,136.0,112.659131,105.3333333,233.75,316.0,935.0,26883.0
80.0,0.0,0.0,0.0,0.0,0.0,0.0,100.0,100.0,100.0,100.0,64.0,0.0,20000.0,0.0,0.0,0.0,0.0,225.0
80.0,351.0,935.0,351.0,117.0,935.0,233.75,3332.0,1666.0,2762.0,570.0,104.0,136.0,114.5169294,117.0,233.75,351.0,935.0,26883.0
80.0,316.0,935.0,316.0,105.3333333,935.0,233.75,11852.0,5926.0,11542.0,310.0,104.0,136.0,180.2884615,105.3333333,233.75,316.0,935.0,26883.0
80.0,320.0,935.0,320.0,106.6666667,935.0,233.75,5133.0,2566.5,4872.0,261.0,104.0,136.0,280.9778028,106.6666667,233.75,320.0,935.0,26883.0
80.0,0.0,0.0,0.0,0.0,0.0,0.0,108.0,108.0,108.0,108.0,64.0,0.0,18518.51852,0.0,0.0,0.0,0.0,225.0
80.0,323.0,935.0,323.0,107.6666667,935.0,233.75,40913.0,20456.5,40637.0,276.0,104.0,136.0,34.13085771,107.6666667,233.75,323.0,935.0,26883.0
80.0,304.0,935.0,304.0,101.3333333,935.0,233.75,20705.0,10352.5,20449.0,256.0,104.0,136.0,120.8021261,101.3333333,233.75,304.0,935.0,26883.0
80.0,0.0,0.0,0.0,0.0,0.0,0.0,72.0,72.0,72.0,72.0,64.0,0.0,27777.77778,0.0,0.0,0.0,0.0,225.0
80.0,414.0,935.0,414.0,138.0,935.0,233.75,24353.0,12176.5,24065.0,288.0,104.0,136.0,52.82620179999999,138.0,233.75,414.0,935.0,26883.0
80.0,0.0,0.0,0.0,0.0,0.0,0.0,102.0,102.0,102.0,102.0,64.0,0.0,19607.84314,0.0,0.0,0.0,0.0,225.0
80.0,373.0,935.0,373.0,124.3333333,935.0,233.75,11815.0,5907.5,9440.0,2375.0,104.0,136.0,51.69205321,124.3333333,233.75,373.0,935.0,26883.0
80.0,353.0,935.0,353.0,117.6666667,935.0,233.75,11374.0,5687.0,10215.0,1159.0,104.0,136.0,65.41648495,117.6666667,233.75,353.0,935.0,26883.0
80.0,326.0,935.0,326.0,108.6666667,935.0,233.75,33029.0,16514.5,32655.0,374.0,104.0,136.0,85.08224617,108.6666667,233.75,326.0,935.0,26883.0
80.0,0.0,0.0,0.0,0.0,0.0,0.0,39.0,39.0,39.0,39.0,64.0,0.0,51282.05128,0.0,0.0,0.0,0.0,225.0
80.0,0.0,0.0,0.0,0.0,0.0,0.0,113.0,113.0,113.0,113.0,64.0,0.0,17699.11504,0.0,0.0,0.0,0.0,225.0
80.0,294.0,935.0,294.0,98.0,935.0,233.75,20637.0,10318.5,20356.0,281.0,104.0,136.0,138.121547,98.0,233.75,294.0,935.0,26883.0
80.0,367.0,935.0,367.0,122.3333333,935.0,233.75,32501.0,16250.5,32227.0,274.0,104.0,136.0,88.36784589,122.3333333,233.75,367.0,935.0,26883.0
80.0,0.0,0.0,0.0,0.0,0.0,0.0,69.0,69.0,69.0,69.0,64.0,0.0,28985.50725,0.0,0.0,0.0,0.0,225.0
80.0,359.0,935.0,359.0,119.6666667,935.0,233.75,10772.0,5386.0,8729.0,2043.0,104.0,136.0,88.88362171,119.6666667,233.75,359.0,935.0,26883.0
80.0,333.0,935.0,333.0,111.0,935.0,233.75,28581.0,14290.5,28355.0,226.0,104.0,136.0,98.52863899,111.0,233.75,333.0,935.0,26883.0
80.0,322.0,935.0,322.0,107.3333333,935.0,233.75,26964.0,13482.0,25608.0,1356.0,104.0,136.0,64.18485237,107.3333333,233.75,322.0,935.0,26883.0
80.0,351.0,935.0,351.0,117.0,935.0,233.75,28438.0,14219.0,28208.0,230.0,104.0,136.0,61.70046481,117.0,233.75,351.0,935.0,26883.0
80.0,377.0,935.0,377.0,125.6666667,935.0,233.75,22352.0,11176.0,21732.0,620.0,104.0,136.0,126.3849686,125.6666667,233.75,377.0,935.0,26883.0
80.0,311.0,935.0,311.0,103.6666667,935.0,233.75,3661.0,1830.5,3402.0,259.0,104.0,136.0,170.78447,103.6666667,233.75,311.0,935.0,26883.0
80.0,365.0,935.0,365.0,121.6666667,935.0,233.75,11817.0,5908.5,8255.0,3562.0,104.0,136.0,55.36178929,121.6666667,233.75,365.0,935.0,26883.0
80.0,363.0,935.0,363.0,121.0,935.0,233.75,5828.0,2914.0,5581.0,247.0,104.0,136.0,235.9046945,121.0,233.75,363.0,935.0,26883.0
80.0,291.0,935.0,291.0,97.0,935.0,233.75,35682.0,17841.0,35340.0,342.0,104.0,136.0,78.25746707,97.0,233.75,291.0,935.0,26883.0
80.0,322.0,935.0,322.0,107.3333333,935.0,233.75,26319.0,13159.5,26043.0,276.0,104.0,136.0,103.3129003,107.3333333,233.75,322.0,935.0,26883.0
80.0,0.0,0.0,0.0,0.0,0.0,0.0,87.0,87.0,87.0,87.0,64.0,0.0,22988.50575,0.0,0.0,0.0,0.0,225.0
80.0,344.0,935.0,344.0,114.6666667,935.0,233.75,12887.0,6443.5,11671.0,1216.0,104.0,136.0,77.31161736,114.6666667,233.75,344.0,935.0,26883.0
80.0,352.0,935.0,352.0,117.3333333,935.0,233.75,10028.0,5014.0,9220.0,808.0,104.0,136.0,235.8675997,117.3333333,233.75,352.0,935.0,26883.0
80.0,352.0,935.0,352.0,117.3333333,935.0,233.75,20397.0,10198.5,20148.0,249.0,104.0,136.0,121.3346815,117.3333333,233.75,352.0,935.0,26883.0
80.0,381.0,935.0,381.0,127.0,935.0,233.75,8473.0,4236.5,7829.0,644.0,104.0,136.0,57.39649499,127.0,233.75,381.0,935.0,26883.0
80.0,343.0,935.0,343.0,114.3333333,935.0,233.75,37608.0,18804.0,37326.0,282.0,104.0,136.0,77.88566385,114.3333333,233.75,343.0,935.0,26883.0
80.0,324.0,935.0,324.0,108.0,935.0,233.75,12394.0,6197.0,9174.0,3220.0,104.0,136.0,57.68343332,108.0,233.75,324.0,935.0,26883.0
80.0,305.0,935.0,305.0,101.6666667,935.0,233.75,7141.0,3570.5,4986.0,2155.0,104.0,136.0,80.41817451,101.6666667,233.75,305.0,935.0,26883.0
80.0,316.0,935.0,316.0,105.3333333,935.0,233.75,26068.0,13034.0,25766.0,302.0,104.0,136.0,105.8985492,105.3333333,233.75,316.0,935.0,26883.0
80.0,345.0,935.0,345.0,115.0,935.0,233.75,26419.0,13209.5,26180.0,239.0,104.0,136.0,109.5730304,115.0,233.75,345.0,935.0,26883.0
80.0,0.0,0.0,0.0,0.0,0.0,0.0,84.0,84.0,84.0,84.0,64.0,0.0,23809.52381,0.0,0.0,0.0,0.0,225.0
80.0,316.0,935.0,316.0,105.3333333,935.0,233.75,16984.0,8492.0,16685.0,299.0,104.0,136.0,96.93992956,105.3333333,233.75,316.0,935.0,26883.0
80.0,0.0,0.0,0.0,0.0,0.0,0.0,53.0,53.0,53.0,53.0,64.0,0.0,37735.84906,0.0,0.0,0.0,0.0,225.0
80.0,360.0,935.0,360.0,120.0,935.0,233.75,11088.0,5544.0,10128.0,960.0,104.0,136.0,83.65633976,120.0,233.75,360.0,935.0,26883.0
80.0,350.0,935.0,350.0,116.6666667,935.0,233.75,11571.0,5785.5,8241.0,3330.0,104.0,136.0,54.31633835,116.6666667,233.75,350.0,935.0,26883.0
80.0,336.0,935.0,336.0,112.0,935.0,233.75,45312.0,22656.0,45017.0,295.0,104.0,136.0,63.91137622,112.0,233.75,336.0,935.0,26883.0
80.0,348.0,935.0,348.0,116.0,935.0,233.75,20021.0,10010.5,19702.0,319.0,104.0,136.0,136.1779392,116.0,233.75,348.0,935.0,26883.0
80.0,0.0,0.0,0.0,0.0,0.0,0.0,94.0,94.0,94.0,94.0,64.0,0.0,21276.59574,0.0,0.0,0.0,0.0,225.0
80.0,348.0,935.0,348.0,116.0,935.0,233.75,27032.0,13516.0,26716.0,316.0,104.0,136.0,109.8619402,116.0,233.75,348.0,935.0,26883.0
80.0,0.0,0.0,0.0,0.0,0.0,0.0,78.0,78.0,78.0,78.0,64.0,0.0,25641.02564,0.0,0.0,0.0,0.0,225.0
80.0,361.0,935.0,361.0,120.3333333,935.0,233.75,6850.0,3425.0,6514.0,336.0,104.0,136.0,249.1487418,120.3333333,233.75,361.0,935.0,26883.0
80.0,354.0,935.0,354.0,118.0,935.0,233.75,37626.0,18813.0,37296.0,330.0,104.0,136.0,77.63975155,118.0,233.75,354.0,935.0,26883.0
80.0,311.0,935.0,311.0,103.6666667,935.0,233.75,6185.0,3092.5,3266.0,2919.0,104.0,136.0,60.04803843,103.6666667,233.75,311.0,935.0,26883.0
80.0,396.0,935.0,396.0,132.0,935.0,233.75,31938.0,15969.0,31628.0,310.0,104.0,136.0,92.66409266,132.0,233.75,396.0,935.0,26883.0
80.0,350.0,935.0,350.0,70.0,935.0,311.6666667,17653.0,4413.25,9825.0,267.0,168.0,104.0,283.2379765,70.0,311.6666667,350.0,935.0,26883.0
80.0,0.0,0.0,0.0,0.0,0.0,0.0,31.0,31.0,31.0,31.0,64.0,0.0,64516.12903,0.0,0.0,0.0,0.0,225.0
80.0,372.0,935.0,372.0,124.0,935.0,233.75,50033.0,25016.5,49788.0,245.0,104.0,136.0,35.37652414,124.0,233.75,372.0,935.0,26883.0
80.0,364.0,935.0,364.0,91.0,935.0,233.75,1026586.0,342195.3333,1014326.0,2373.0,144.0,136.0,3.73824439,91.0,233.75,364.0,935.0,26883.0
80.0,0.0,0.0,0.0,0.0,0.0,0.0,113.0,113.0,113.0,113.0,64.0,0.0,17699.11504,0.0,0.0,0.0,0.0,225.0
80.0,0.0,0.0,0.0,0.0,0.0,0.0,100.0,100.0,100.0,100.0,64.0,0.0,20000.0,0.0,0.0,0.0,0.0,225.0
80.0,360.0,935.0,360.0,120.0,935.0,233.75,9983.0,4991.5,9719.0,264.0,104.0,136.0,60.42661188,120.0,233.75,360.0,935.0,26883.0
80.0,303.0,935.0,303.0,101.0,935.0,233.75,4586.0,2293.0,4348.0,238.0,104.0,136.0,237.8686965,101.0,233.75,303.0,935.0,26883.0
80.0,333.0,935.0,333.0,111.0,935.0,233.75,25378.0,12689.0,25117.0,261.0,104.0,136.0,60.32212012,111.0,233.75,333.0,935.0,26883.0
80.0,393.0,935.0,393.0,131.0,935.0,233.75,17882.0,8941.0,17637.0,245.0,104.0,136.0,71.45238889,131.0,233.75,393.0,935.0,26883.0
80.0,367.0,935.0,367.0,122.3333333,935.0,233.75,28951.0,14475.5,28602.0,349.0,104.0,136.0,51.78038214,122.3333333,233.75,367.0,935.0,26883.0
80.0,314.0,935.0,314.0,104.6666667,935.0,233.75,18056.0,9028.0,17665.0,391.0,104.0,136.0,68.99882702,104.6666667,233.75,314.0,935.0,26883.0
80.0,351.0,935.0,351.0,117.0,935.0,233.75,21833.0,10916.5,21583.0,250.0,104.0,136.0,88.73376911,117.0,233.75,351.0,935.0,26883.0
80.0,0.0,0.0,0.0,0.0,0.0,0.0,28.0,28.0,28.0,28.0,64.0,0.0,71428.57143,0.0,0.0,0.0,0.0,225.0
80.0,0.0,0.0,0.0,0.0,0.0,0.0,37.0,37.0,37.0,37.0,64.0,0.0,54054.05405,0.0,0.0,0.0,0.0,225.0
80.0,290.0,935.0,290.0,96.66666667,935.0,233.75,5859.0,2929.5,5514.0,345.0,104.0,136.0,221.1084906,96.66666667,233.75,290.0,935.0,26883.0
80.0,355.0,935.0,355.0,118.3333333,935.0,233.75,10721.0,5360.5,9404.0,1317.0,104.0,136.0,59.01910252,118.3333333,233.75,355.0,935.0,26883.0
80.0,414.0,935.0,414.0,138.0,935.0,233.75,33700.0,16850.0,33326.0,374.0,104.0,136.0,83.46780925,138.0,233.75,414.0,935.0,26883.0
80.0,357.0,935.0,357.0,119.0,935.0,233.75,24524.0,12262.0,23682.0,842.0,104.0,136.0,108.5658452,119.0,233.75,357.0,935.0,26883.0
80.0,0.0,0.0,0.0,0.0,0.0,0.0,75.0,75.0,75.0,75.0,64.0,0.0,26666.66667,0.0,0.0,0.0,0.0,225.0
80.0,364.0,935.0,364.0,121.3333333,935.0,233.75,4660.0,2330.0,4412.0,248.0,104.0,136.0,73.18322640000002,121.3333333,233.75,364.0,935.0,26883.0
80.0,367.0,935.0,367.0,122.3333333,935.0,233.75,680.0,340.0,446.0,234.0,104.0,136.0,154.27337240000003,122.3333333,233.75,367.0,935.0,26883.0
80.0,321.0,935.0,321.0,107.0,935.0,233.75,5932.0,2966.0,5633.0,299.0,104.0,136.0,201.1128243,107.0,233.75,321.0,935.0,26883.0
80.0,353.0,935.0,353.0,117.6666667,935.0,233.75,23087.0,11543.5,22784.0,303.0,104.0,136.0,62.88121738,117.6666667,233.75,353.0,935.0,26883.0
80.0,319.0,935.0,319.0,106.3333333,935.0,233.75,41732.0,20866.0,41455.0,277.0,104.0,136.0,38.25018169,106.3333333,233.75,319.0,935.0,26883.0
80.0,373.0,935.0,373.0,124.3333333,935.0,233.75,19564.0,9782.0,19316.0,248.0,104.0,136.0,45.93899302,124.3333333,233.75,373.0,935.0,26883.0
80.0,347.0,935.0,347.0,115.6666667,935.0,233.75,16029.0,8014.5,15758.0,271.0,104.0,136.0,101.461039,115.6666667,233.75,347.0,935.0,26883.0
80.0,0.0,0.0,0.0,0.0,0.0,0.0,62.0,62.0,62.0,62.0,64.0,0.0,32258.06452,0.0,0.0,0.0,0.0,225.0
80.0,367.0,935.0,367.0,122.3333333,935.0,233.75,6459.0,3229.5,4037.0,2422.0,104.0,136.0,69.29846850000001,122.3333333,233.75,367.0,935.0,26883.0
80.0,361.0,935.0,361.0,120.3333333,935.0,233.75,11322.0,5661.0,10425.0,897.0,104.0,136.0,56.07895917,120.3333333,233.75,361.0,935.0,26883.0
80.0,347.0,935.0,347.0,115.6666667,935.0,233.75,32794.0,16397.0,32432.0,362.0,104.0,136.0,87.80916142,115.6666667,233.75,347.0,935.0,26883.0
80.0,301.0,935.0,301.0,100.3333333,935.0,233.75,34767.0,17383.5,34404.0,363.0,104.0,136.0,81.57937673,100.3333333,233.75,301.0,935.0,26883.0
80.0,359.0,935.0,359.0,119.6666667,935.0,233.75,27624.0,13812.0,19249.0,8375.0,104.0,136.0,66.68296695,119.6666667,233.75,359.0,935.0,26883.0
80.0,319.0,935.0,319.0,106.3333333,935.0,233.75,13184.0,6592.0,10910.0,2274.0,104.0,136.0,50.32965927,106.3333333,233.75,319.0,935.0,26883.0
80.0,325.0,935.0,325.0,108.3333333,935.0,233.75,7366.0,3683.0,7073.0,293.0,104.0,136.0,333.6298932,108.3333333,233.75,325.0,935.0,26883.0
80.0,408.0,935.0,408.0,136.0,935.0,233.75,29756.0,14878.0,29461.0,295.0,104.0,136.0,91.84423218,136.0,233.75,408.0,935.0,26883.0
80.0,740.0,935.0,370.0,148.0,935.0,233.75,1244772.0,311193.0,1020256.0,2661.0,176.0,136.0,3.886278174,148.0,233.75,740.0,935.0,26883.0
80.0,364.0,935.0,364.0,121.3333333,935.0,233.75,21212.0,10606.0,20848.0,364.0,104.0,136.0,82.47876172,121.3333333,233.75,364.0,935.0,26883.0
80.0,356.0,935.0,356.0,118.6666667,935.0,233.75,38554.0,19277.0,38269.0,285.0,104.0,136.0,58.42372782,118.6666667,233.75,356.0,935.0,26883.0
80.0,370.0,935.0,370.0,123.3333333,935.0,233.75,4850.0,2425.0,3124.0,1726.0,104.0,136.0,64.00273078,123.3333333,233.75,370.0,935.0,26883.0
80.0,0.0,0.0,0.0,0.0,0.0,0.0,44.0,44.0,44.0,44.0,64.0,0.0,45454.54545,0.0,0.0,0.0,0.0,225.0
80.0,336.0,935.0,336.0,112.0,935.0,233.75,12394.0,6197.0,11481.0,913.0,104.0,136.0,43.74772147,112.0,233.75,336.0,935.0,26883.0
80.0,368.0,935.0,368.0,122.6666667,935.0,233.75,19864.0,9932.0,19594.0,270.0,104.0,136.0,63.3552965,122.6666667,233.75,368.0,935.0,26883.0
80.0,0.0,0.0,0.0,0.0,0.0,0.0,116.0,116.0,116.0,116.0,64.0,0.0,17241.37931,0.0,0.0,0.0,0.0,225.0
80.0,350.0,935.0,350.0,116.6666667,935.0,233.75,63592.0,31796.0,63349.0,243.0,104.0,136.0,40.19508012,116.6666667,233.75,350.0,935.0,26883.0
80.0,383.0,935.0,383.0,127.6666667,935.0,233.75,39270.0,19635.0,38968.0,302.0,104.0,136.0,71.23691022,127.6666667,233.75,383.0,935.0,26883.0
80.0,355.0,935.0,355.0,118.3333333,935.0,233.75,15609.0,7804.5,15319.0,290.0,104.0,136.0,48.12859962,118.3333333,233.75,355.0,935.0,26883.0
80.0,369.0,935.0,369.0,123.0,935.0,233.75,2269.0,1134.5,1995.0,274.0,104.0,136.0,238.758456,123.0,233.75,369.0,935.0,26883.0
80.0,372.0,935.0,372.0,124.0,935.0,233.75,20443.0,10221.5,20145.0,298.0,104.0,136.0,142.3690205,124.0,233.75,372.0,935.0,26883.0
80.0,300.0,935.0,300.0,100.0,935.0,233.75,7356.0,3678.0,3896.0,3460.0,104.0,136.0,63.28045899,100.0,233.75,300.0,935.0,26883.0
80.0,358.0,935.0,358.0,119.3333333,935.0,233.75,38183.0,19091.5,37821.0,362.0,104.0,136.0,73.4933856,119.3333333,233.75,358.0,935.0,26883.0
80.0,335.0,935.0,335.0,111.6666667,935.0,233.75,79544.0,39772.0,79274.0,270.0,104.0,136.0,35.33652147,111.6666667,233.75,335.0,935.0,26883.0
80.0,0.0,0.0,0.0,0.0,0.0,0.0,113.0,113.0,113.0,113.0,64.0,0.0,17699.11504,0.0,0.0,0.0,0.0,225.0
80.0,352.0,935.0,352.0,117.3333333,935.0,233.75,12740.0,6370.0,12461.0,279.0,104.0,136.0,126.4968797,117.3333333,233.75,352.0,935.0,26883.0
80.0,359.0,935.0,359.0,119.6666667,935.0,233.75,34388.0,17194.0,34065.0,323.0,104.0,136.0,81.22597065,119.6666667,233.75,359.0,935.0,26883.0
80.0,414.0,935.0,414.0,138.0,935.0,233.75,26464.0,13232.0,26196.0,268.0,104.0,136.0,108.18998159999998,138.0,233.75,414.0,935.0,26883.0
80.0,0.0,0.0,0.0,0.0,0.0,0.0,74.0,74.0,74.0,74.0,64.0,0.0,27027.02703,0.0,0.0,0.0,0.0,225.0
80.0,324.0,935.0,324.0,108.0,935.0,233.75,42491.0,21245.5,41898.0,593.0,104.0,136.0,48.0807757,108.0,233.75,324.0,935.0,26883.0
80.0,355.0,935.0,355.0,118.3333333,935.0,233.75,31384.0,15692.0,31102.0,282.0,104.0,136.0,87.33878716,118.3333333,233.75,355.0,935.0,26883.0
80.0,329.0,935.0,329.0,82.25,935.0,233.75,1009117.0,336372.3333,1008609.0,208.0,144.0,136.0,3.959173008,82.25,233.75,329.0,935.0,26883.0
80.0,0.0,0.0,0.0,0.0,0.0,0.0,47.0,47.0,47.0,47.0,64.0,0.0,42553.19149,0.0,0.0,0.0,0.0,225.0
80.0,327.0,935.0,327.0,109.0,935.0,233.75,27113.0,13556.5,26834.0,279.0,104.0,136.0,79.66011683,109.0,233.75,327.0,935.0,26883.0
80.0,295.0,935.0,295.0,98.33333333,935.0,233.75,12721.0,6360.5,12469.0,252.0,104.0,136.0,147.4636256,98.33333333,233.75,295.0,935.0,26883.0
80.0,356.0,935.0,356.0,118.6666667,935.0,233.75,6358.0,3179.0,4873.0,1485.0,104.0,136.0,64.03278479,118.6666667,233.75,356.0,935.0,26883.0
80.0,352.0,935.0,352.0,117.3333333,935.0,233.75,30533.0,15266.5,30217.0,316.0,104.0,136.0,91.94838631,117.3333333,233.75,352.0,935.0,26883.0
80.0,340.0,935.0,340.0,113.3333333,935.0,233.75,36974.0,18487.0,36545.0,429.0,104.0,136.0,76.32422531,113.3333333,233.75,340.0,935.0,26883.0
80.0,363.0,935.0,363.0,121.0,935.0,233.75,11214.0,5607.0,7838.0,3376.0,104.0,136.0,88.10313941,121.0,233.75,363.0,935.0,26883.0
80.0,320.0,935.0,320.0,106.6666667,935.0,233.75,6693.0,3346.5,6360.0,333.0,104.0,136.0,238.0385622,106.6666667,233.75,320.0,935.0,26883.0
80.0,319.0,935.0,319.0,106.3333333,935.0,233.75,32733.0,16366.5,32325.0,408.0,104.0,136.0,84.57136414,106.3333333,233.75,319.0,935.0,26883.0
80.0,399.0,935.0,399.0,133.0,935.0,233.75,8702.0,4351.0,8446.0,256.0,104.0,136.0,203.9290327,133.0,233.75,399.0,935.0,26883.0
80.0,369.0,935.0,369.0,123.0,935.0,233.75,26943.0,13471.5,26598.0,345.0,104.0,136.0,52.62603936,123.0,233.75,369.0,935.0,26883.0
80.0,290.0,935.0,290.0,96.66666667,935.0,233.75,26565.0,13282.5,26079.0,486.0,104.0,136.0,106.7463706,96.66666667,233.75,290.0,935.0,26883.0
80.0,390.0,935.0,390.0,130.0,935.0,233.75,13287.0,6643.5,12948.0,339.0,104.0,136.0,200.4141893,130.0,233.75,390.0,935.0,26883.0
80.0,356.0,935.0,356.0,118.6666667,935.0,233.75,11492.0,5746.0,8528.0,2964.0,104.0,136.0,54.58515284,118.6666667,233.75,356.0,935.0,26883.0
80.0,292.0,935.0,292.0,97.33333333,935.0,233.75,34823.0,17411.5,34531.0,292.0,104.0,136.0,85.29269609999999,97.33333333,233.75,292.0,935.0,26883.0
80.0,346.0,935.0,346.0,115.3333333,935.0,233.75,11679.0,5839.5,9357.0,2322.0,104.0,136.0,59.66231132,115.3333333,233.75,346.0,935.0,26883.0
80.0,356.0,935.0,356.0,118.6666667,935.0,233.75,4043.0,2021.5,2935.0,1108.0,104.0,136.0,372.4857214,118.6666667,233.75,356.0,935.0,26883.0
80.0,310.0,935.0,310.0,103.3333333,935.0,233.75,11206.0,5603.0,10064.0,1142.0,104.0,136.0,80.70373658,103.3333333,233.75,310.0,935.0,26883.0
80.0,0.0,0.0,0.0,0.0,0.0,0.0,54.0,54.0,54.0,54.0,64.0,0.0,37037.03704,0.0,0.0,0.0,0.0,225.0
80.0,309.0,935.0,309.0,103.0,935.0,233.75,21253.0,10626.5,20975.0,278.0,104.0,136.0,112.1160027,103.0,233.75,309.0,935.0,26883.0
80.0,0.0,0.0,0.0,0.0,0.0,0.0,45.0,45.0,45.0,45.0,64.0,0.0,44444.44444,0.0,0.0,0.0,0.0,225.0
80.0,401.0,935.0,401.0,133.6666667,935.0,233.75,37782.0,18891.0,37542.0,240.0,104.0,136.0,75.49068948,133.6666667,233.75,401.0,935.0,26883.0
80.0,320.0,935.0,320.0,106.6666667,935.0,233.75,17447.0,8723.5,17181.0,266.0,104.0,136.0,126.4009438,106.6666667,233.75,320.0,935.0,26883.0
80.0,0.0,0.0,0.0,0.0,0.0,0.0,109.0,109.0,109.0,109.0,64.0,0.0,18348.62385,0.0,0.0,0.0,0.0,225.0
80.0,334.0,935.0,334.0,111.3333333,935.0,233.75,5624.0,2812.0,4481.0,1143.0,104.0,136.0,183.7784857,111.3333333,233.75,334.0,935.0,26883.0
80.0,348.0,935.0,348.0,116.0,935.0,233.75,30361.0,15180.5,29631.0,730.0,104.0,136.0,96.27109942,116.0,233.75,348.0,935.0,26883.0
80.0,351.0,935.0,351.0,117.0,935.0,233.75,11831.0,5915.5,11516.0,315.0,104.0,136.0,242.0330779,117.0,233.75,351.0,935.0,26883.0
80.0,375.0,935.0,375.0,125.0,935.0,233.75,26941.0,13470.5,26659.0,282.0,104.0,136.0,107.9680415,125.0,233.75,375.0,935.0,26883.0
80.0,0.0,0.0,0.0,0.0,0.0,0.0,94.0,94.0,94.0,94.0,64.0,0.0,21276.59574,0.0,0.0,0.0,0.0,225.0
80.0,0.0,0.0,0.0,0.0,0.0,0.0,104.0,104.0,104.0,104.0,64.0,0.0,19230.76923,0.0,0.0,0.0,0.0,225.0
80.0,372.0,935.0,372.0,124.0,935.0,233.75,31030.0,15515.0,30568.0,462.0,104.0,136.0,89.33357156,124.0,233.75,372.0,935.0,26883.0
80.0,372.0,935.0,372.0,124.0,935.0,233.75,10853.0,5426.5,9368.0,1485.0,104.0,136.0,60.10819475,124.0,233.75,372.0,935.0,26883.0
80.0,366.0,935.0,366.0,122.0,935.0,233.75,27198.0,13599.0,26897.0,301.0,104.0,136.0,105.399993,122.0,233.75,366.0,935.0,26883.0
80.0,352.0,935.0,352.0,117.3333333,935.0,233.75,27337.0,13668.5,27023.0,314.0,104.0,136.0,108.7271673,117.3333333,233.75,352.0,935.0,26883.0
80.0,319.0,935.0,319.0,106.3333333,935.0,233.75,39657.0,19828.5,39344.0,313.0,104.0,136.0,75.16913054,106.3333333,233.75,319.0,935.0,26883.0
80.0,331.0,935.0,331.0,110.3333333,935.0,233.75,1008.0,504.0,520.0,488.0,104.0,136.0,171.1742554,110.3333333,233.75,331.0,935.0,26883.0
80.0,365.0,935.0,365.0,121.6666667,935.0,233.75,16527.0,8263.5,16275.0,252.0,104.0,136.0,92.24241306,121.6666667,233.75,365.0,935.0,26883.0
80.0,319.0,935.0,319.0,106.3333333,935.0,233.75,53861.0,26930.5,53572.0,289.0,104.0,136.0,41.4685392,106.3333333,233.75,319.0,935.0,26883.0
80.0,319.0,935.0,319.0,106.3333333,935.0,233.75,21076.0,10538.0,20825.0,251.0,104.0,136.0,56.51739794,106.3333333,233.75,319.0,935.0,26883.0
80.0,412.0,935.0,412.0,137.33333330000002,935.0,233.75,11083.0,5541.5,9671.0,1412.0,104.0,136.0,61.38609809,137.33333330000002,233.75,412.0,935.0,26883.0
80.0,350.0,935.0,350.0,116.6666667,935.0,233.75,27039.0,13519.5,26613.0,426.0,104.0,136.0,106.1758981,116.6666667,233.75,350.0,935.0,26883.0
80.0,354.0,935.0,354.0,118.0,935.0,233.75,24578.0,12289.0,24253.0,325.0,104.0,136.0,48.36603415,118.0,233.75,354.0,935.0,26883.0
80.0,338.0,935.0,338.0,112.6666667,935.0,233.75,5005.0,2502.5,4742.0,263.0,104.0,136.0,269.7841727,112.6666667,233.75,338.0,935.0,26883.0
80.0,365.0,935.0,365.0,121.6666667,935.0,233.75,34568.0,17284.0,34303.0,265.0,104.0,136.0,86.10050799,121.6666667,233.75,365.0,935.0,26883.0
80.0,337.0,935.0,337.0,112.3333333,935.0,233.75,12459.0,6229.5,11695.0,764.0,104.0,136.0,59.03884756,112.3333333,233.75,337.0,935.0,26883.0
80.0,365.0,935.0,365.0,121.6666667,935.0,233.75,17987.0,8993.5,17729.0,258.0,104.0,136.0,81.70602173,121.6666667,233.75,365.0,935.0,26883.0
80.0,328.0,935.0,328.0,109.3333333,935.0,233.75,12641.0,6320.5,12262.0,379.0,104.0,136.0,99.92672041,109.3333333,233.75,328.0,935.0,26883.0
80.0,331.0,935.0,331.0,110.3333333,935.0,233.75,39353.0,19676.5,39059.0,294.0,104.0,136.0,45.41669821,110.3333333,233.75,331.0,935.0,26883.0
80.0,359.0,935.0,359.0,119.6666667,935.0,233.75,16971.0,8485.5,16680.0,291.0,104.0,136.0,85.07742045,119.6666667,233.75,359.0,935.0,26883.0
80.0,362.0,935.0,362.0,120.6666667,935.0,233.75,6120.0,3060.0,3151.0,2969.0,104.0,136.0,306.46644189999995,120.6666667,233.75,362.0,935.0,26883.0
80.0,0.0,0.0,0.0,0.0,0.0,0.0,106.0,106.0,106.0,106.0,64.0,0.0,18867.92453,0.0,0.0,0.0,0.0,225.0
80.0,0.0,0.0,0.0,0.0,0.0,0.0,90.0,90.0,90.0,90.0,64.0,0.0,22222.22222,0.0,0.0,0.0,0.0,225.0
80.0,342.0,935.0,342.0,114.0,935.0,233.75,31154.0,15577.0,30864.0,290.0,104.0,136.0,89.71023594,114.0,233.75,342.0,935.0,26883.0
80.0,347.0,935.0,347.0,115.6666667,935.0,233.75,10637.0,5318.5,8489.0,2148.0,104.0,136.0,55.70720294,115.6666667,233.75,347.0,935.0,26883.0
80.0,352.0,935.0,352.0,70.4,935.0,311.6666667,47595.0,11898.75,42924.0,315.0,168.0,104.0,105.0530518,70.4,311.6666667,352.0,935.0,26883.0
80.0,372.0,935.0,372.0,124.0,935.0,233.75,34259.0,17129.5,33884.0,375.0,104.0,136.0,83.28243851,124.0,233.75,372.0,935.0,26883.0
80.0,339.0,935.0,339.0,113.0,935.0,233.75,33407.0,16703.5,33079.0,328.0,104.0,136.0,89.02341316,113.0,233.75,339.0,935.0,26883.0
80.0,336.0,935.0,336.0,112.0,935.0,233.75,46063.0,23031.5,45768.0,295.0,104.0,136.0,64.54111269,112.0,233.75,336.0,935.0,26883.0
80.0,317.0,935.0,317.0,105.6666667,935.0,233.75,17030.0,8515.0,16782.0,248.0,104.0,136.0,54.65775138,105.6666667,233.75,317.0,935.0,26883.0
80.0,355.0,935.0,355.0,118.3333333,935.0,233.75,30112.0,15056.0,29838.0,274.0,104.0,136.0,93.06654258,118.3333333,233.75,355.0,935.0,26883.0
80.0,0.0,0.0,0.0,0.0,0.0,0.0,105.0,105.0,105.0,105.0,64.0,0.0,19047.61905,0.0,0.0,0.0,0.0,225.0
80.0,353.0,935.0,353.0,117.6666667,935.0,233.75,17764.0,8882.0,17449.0,315.0,104.0,136.0,83.55149557,117.6666667,233.75,353.0,935.0,26883.0
80.0,351.0,935.0,351.0,117.0,935.0,233.75,8593.0,4296.5,6522.0,2071.0,104.0,136.0,57.12000914,117.0,233.75,351.0,935.0,26883.0
80.0,348.0,935.0,348.0,116.0,935.0,233.75,12021.0,6010.5,11759.0,262.0,104.0,136.0,241.1769435,116.0,233.75,348.0,935.0,26883.0
80.0,298.0,935.0,298.0,99.33333333,935.0,233.75,32630.0,16315.0,32369.0,261.0,104.0,136.0,81.36255153,99.33333333,233.75,298.0,935.0,26883.0
80.0,363.0,935.0,363.0,121.0,935.0,233.75,34520.0,17260.0,34239.0,281.0,104.0,136.0,55.67515403,121.0,233.75,363.0,935.0,26883.0
80.0,344.0,935.0,344.0,114.6666667,935.0,233.75,702.0,351.0,433.0,269.0,104.0,136.0,254.8853016,114.6666667,233.75,344.0,935.0,26883.0
80.0,380.0,935.0,380.0,126.6666667,935.0,233.75,25363.0,12681.5,25103.0,260.0,104.0,136.0,110.68476979999998,126.6666667,233.75,380.0,935.0,26883.0
80.0,350.0,935.0,350.0,116.6666667,935.0,233.75,21905.0,10952.5,21547.0,358.0,104.0,136.0,91.58907037,116.6666667,233.75,350.0,935.0,26883.0
80.0,352.0,935.0,352.0,117.3333333,935.0,233.75,44696.0,22348.0,44390.0,306.0,104.0,136.0,32.5732899,117.3333333,233.75,352.0,935.0,26883.0
80.0,298.0,935.0,298.0,99.33333333,935.0,233.75,25395.0,12697.5,24337.0,1058.0,104.0,136.0,78.01326225,99.33333333,233.75,298.0,935.0,26883.0
80.0,0.0,0.0,0.0,0.0,0.0,0.0,112.0,112.0,112.0,112.0,64.0,0.0,17857.14286,0.0,0.0,0.0,0.0,225.0
80.0,355.0,935.0,355.0,118.3333333,935.0,233.75,48851.0,24425.5,48486.0,365.0,104.0,136.0,57.26283642,118.3333333,233.75,355.0,935.0,26883.0
80.0,367.0,935.0,367.0,122.3333333,935.0,233.75,12183.0,6091.5,9053.0,3130.0,104.0,136.0,59.27565154,122.3333333,233.75,367.0,935.0,26883.0
80.0,331.0,935.0,331.0,110.3333333,935.0,233.75,7212.0,3606.0,3697.0,3515.0,104.0,136.0,57.68897948,110.3333333,233.75,331.0,935.0,26883.0
80.0,336.0,935.0,336.0,112.0,935.0,233.75,35483.0,17741.5,35175.0,308.0,104.0,136.0,49.48290366,112.0,233.75,336.0,935.0,26883.0
80.0,307.0,935.0,307.0,102.3333333,935.0,233.75,13661.0,6830.5,13402.0,259.0,104.0,136.0,189.6933291,102.3333333,233.75,307.0,935.0,26883.0
80.0,353.0,935.0,353.0,117.6666667,935.0,233.75,29319.0,14659.5,29035.0,284.0,104.0,136.0,39.80786073,117.6666667,233.75,353.0,935.0,26883.0
80.0,341.0,935.0,341.0,113.6666667,935.0,233.75,9527.0,4763.5,9117.0,410.0,104.0,136.0,157.7867775,113.6666667,233.75,341.0,935.0,26883.0
80.0,345.0,935.0,345.0,115.0,935.0,233.75,8827.0,4413.5,8210.0,617.0,104.0,136.0,60.01080194,115.0,233.75,345.0,935.0,26883.0
80.0,370.0,935.0,370.0,123.3333333,935.0,233.75,34460.0,17230.0,34148.0,312.0,104.0,136.0,81.04384472,123.3333333,233.75,370.0,935.0,26883.0
80.0,382.0,935.0,382.0,127.3333333,935.0,233.75,7838.0,3919.0,4480.0,3358.0,104.0,136.0,67.32042277,127.3333333,233.75,382.0,935.0,26883.0
80.0,318.0,935.0,318.0,106.0,935.0,233.75,9843.0,4921.5,9608.0,235.0,104.0,136.0,71.09341675,106.0,233.75,318.0,935.0,26883.0
80.0,391.0,935.0,391.0,130.3333333,935.0,233.75,40900.0,20450.0,40615.0,285.0,104.0,136.0,52.71110799,130.3333333,233.75,391.0,935.0,26883.0
80.0,357.0,935.0,357.0,119.0,935.0,233.75,22445.0,11222.5,22167.0,278.0,104.0,136.0,126.1988894,119.0,233.75,357.0,935.0,26883.0
80.0,345.0,935.0,345.0,115.0,935.0,233.75,10905.0,5452.5,7942.0,2963.0,104.0,136.0,83.65167443,115.0,233.75,345.0,935.0,26883.0
80.0,324.0,935.0,324.0,108.0,935.0,233.75,30662.0,15331.0,30313.0,349.0,104.0,136.0,59.45421035,108.0,233.75,324.0,935.0,26883.0
80.0,0.0,0.0,0.0,0.0,0.0,0.0,91.0,91.0,91.0,91.0,64.0,0.0,21978.02198,0.0,0.0,0.0,0.0,225.0
80.0,362.0,935.0,362.0,120.6666667,935.0,233.75,11105.0,5552.5,9036.0,2069.0,104.0,136.0,60.95454823,120.6666667,233.75,362.0,935.0,26883.0
80.0,304.0,935.0,304.0,101.3333333,935.0,233.75,30113.0,15056.5,29817.0,296.0,104.0,136.0,96.4568195,101.3333333,233.75,304.0,935.0,26883.0
80.0,0.0,0.0,0.0,0.0,0.0,0.0,90.0,90.0,90.0,90.0,64.0,0.0,22222.22222,0.0,0.0,0.0,0.0,225.0
80.0,348.0,935.0,348.0,116.0,935.0,233.75,20959.0,10479.5,20663.0,296.0,104.0,136.0,75.70977918,116.0,233.75,348.0,935.0,26883.0
80.0,392.0,935.0,392.0,130.6666667,935.0,233.75,11852.0,5926.0,11033.0,819.0,104.0,136.0,54.26132253,130.6666667,233.75,392.0,935.0,26883.0
80.0,353.0,935.0,353.0,88.25,935.0,233.75,41893.0,13964.33333,22294.0,248.0,136.0,136.0,93.12070772,88.25,233.75,353.0,935.0,26883.0
80.0,292.0,935.0,292.0,97.33333333,935.0,233.75,31577.0,15788.5,31324.0,253.0,104.0,136.0,87.79117406,97.33333333,233.75,292.0,935.0,26883.0
80.0,372.0,935.0,372.0,124.0,935.0,233.75,35405.0,17702.5,35136.0,269.0,104.0,136.0,83.78016086,124.0,233.75,372.0,935.0,26883.0
80.0,306.0,935.0,306.0,102.0,935.0,233.75,3540.0,1770.0,2298.0,1242.0,104.0,136.0,63.47057081,102.0,233.75,306.0,935.0,26883.0
80.0,334.0,935.0,334.0,111.3333333,935.0,233.75,8511.0,4255.5,8249.0,262.0,104.0,136.0,335.6080098000001,111.3333333,233.75,334.0,935.0,26883.0
80.0,394.0,935.0,394.0,131.3333333,935.0,233.75,9250.0,4625.0,8951.0,299.0,104.0,136.0,77.05743347,131.3333333,233.75,394.0,935.0,26883.0
80.0,377.0,935.0,377.0,125.6666667,935.0,233.75,28704.0,14352.0,28461.0,243.0,104.0,136.0,99.70089731,125.6666667,233.75,377.0,935.0,26883.0
80.0,0.0,0.0,0.0,0.0,0.0,0.0,59.0,59.0,59.0,59.0,64.0,0.0,33898.30508,0.0,0.0,0.0,0.0,225.0
80.0,362.0,935.0,362.0,120.6666667,935.0,233.75,40773.0,20386.5,40530.0,243.0,104.0,136.0,72.11711820000002,120.6666667,233.75,362.0,935.0,26883.0
80.0,414.0,935.0,414.0,138.0,935.0,233.75,31440.0,15720.0,31178.0,262.0,104.0,136.0,66.8434304,138.0,233.75,414.0,935.0,26883.0
80.0,720.0,935.0,360.0,180.0,935.0,233.75,223876.0,74625.33333,202482.0,259.0,136.0,136.0,15.1588649,180.0,233.75,720.0,935.0,26883.0
80.0,355.0,935.0,355.0,118.3333333,935.0,233.75,3833.0,1916.5,3569.0,264.0,104.0,136.0,271.9854941,118.3333333,233.75,355.0,935.0,26883.0
80.0,358.0,935.0,358.0,119.3333333,935.0,233.75,3902.0,1951.0,3625.0,277.0,104.0,136.0,287.9078695,119.3333333,233.75,358.0,935.0,26883.0
80.0,310.0,935.0,310.0,103.3333333,935.0,233.75,7530.0,3765.0,7167.0,363.0,104.0,136.0,209.0009753,103.3333333,233.75,310.0,935.0,26883.0
80.0,408.0,935.0,408.0,136.0,935.0,233.75,43342.0,21671.0,43013.0,329.0,104.0,136.0,31.4264464,136.0,233.75,408.0,935.0,26883.0
80.0,308.0,935.0,308.0,102.6666667,935.0,233.75,43835.0,21917.5,43560.0,275.0,104.0,136.0,64.63567027,102.6666667,233.75,308.0,935.0,26883.0
80.0,350.0,935.0,350.0,116.6666667,935.0,233.75,3239.0,1619.5,1821.0,1418.0,104.0,136.0,67.80427167,116.6666667,233.75,350.0,935.0,26883.0
80.0,389.0,935.0,389.0,129.6666667,935.0,233.75,32796.0,16398.0,32556.0,240.0,104.0,136.0,89.36284293,129.6666667,233.75,389.0,935.0,26883.0
80.0,352.0,935.0,352.0,117.3333333,935.0,233.75,31756.0,15878.0,31466.0,290.0,104.0,136.0,86.87594116,117.3333333,233.75,352.0,935.0,26883.0
80.0,676.0,935.0,338.0,169.0,935.0,233.75,211905.0,70635.0,210583.0,506.0,136.0,136.0,15.94521225,169.0,233.75,676.0,935.0,26883.0
80.0,389.0,935.0,389.0,129.6666667,935.0,233.75,34739.0,17369.5,34488.0,251.0,104.0,136.0,82.25488046,129.6666667,233.75,389.0,935.0,26883.0
80.0,305.0,935.0,305.0,101.6666667,935.0,233.75,25292.0,12646.0,24983.0,309.0,104.0,136.0,113.30160890000002,101.6666667,233.75,305.0,935.0,26883.0
80.0,371.0,935.0,371.0,123.6666667,935.0,233.75,12355.0,6177.5,10055.0,2300.0,104.0,136.0,55.82849486,123.6666667,233.75,371.0,935.0,26883.0
80.0,353.0,935.0,353.0,117.6666667,935.0,233.75,4329.0,2164.5,4049.0,280.0,104.0,136.0,510.7252298,117.6666667,233.75,353.0,935.0,26883.0
80.0,372.0,935.0,372.0,124.0,935.0,233.75,12535.0,6267.5,12239.0,296.0,104.0,136.0,108.3580149,124.0,233.75,372.0,935.0,26883.0
80.0,350.0,935.0,350.0,116.6666667,935.0,233.75,12584.0,6292.0,11587.0,997.0,104.0,136.0,52.38436152,116.6666667,233.75,350.0,935.0,26883.0
80.0,306.0,935.0,306.0,102.0,935.0,233.75,28712.0,14356.0,28418.0,294.0,104.0,136.0,97.36782318,102.0,233.75,306.0,935.0,26883.0
80.0,353.0,935.0,353.0,117.6666667,935.0,233.75,18037.0,9018.5,17733.0,304.0,104.0,136.0,93.74414099,117.6666667,233.75,353.0,935.0,26883.0
80.0,375.0,935.0,375.0,125.0,935.0,233.75,31450.0,15725.0,31189.0,261.0,104.0,136.0,79.86582541,125.0,233.75,375.0,935.0,26883.0
80.0,364.0,935.0,364.0,121.3333333,935.0,233.75,34440.0,17220.0,34137.0,303.0,104.0,136.0,85.53100499,121.3333333,233.75,364.0,935.0,26883.0
80.0,317.0,935.0,317.0,105.6666667,935.0,233.75,1916.0,958.0,1664.0,252.0,104.0,136.0,737.2818874,105.6666667,233.75,317.0,935.0,26883.0
80.0,331.0,935.0,331.0,110.3333333,935.0,233.75,11080.0,5540.0,8333.0,2747.0,104.0,136.0,66.96129637,110.3333333,233.75,331.0,935.0,26883.0
80.0,294.0,935.0,294.0,98.0,935.0,233.75,37191.0,18595.5,36825.0,366.0,104.0,136.0,74.96813854,98.0,233.75,294.0,935.0,26883.0
80.0,370.0,935.0,370.0,123.3333333,935.0,233.75,37809.0,18904.5,37564.0,245.0,104.0,136.0,72.85443684,123.3333333,233.75,370.0,935.0,26883.0
80.0,0.0,0.0,0.0,0.0,0.0,0.0,58.0,58.0,58.0,58.0,64.0,0.0,34482.75862,0.0,0.0,0.0,0.0,225.0
80.0,1125.0,935.0,375.0,225.0,935.0,233.75,437837.0,109459.25,211873.0,1797.0,168.0,136.0,11.31239635,225.0,233.75,1125.0,935.0,26883.0
80.0,375.0,935.0,375.0,125.0,935.0,233.75,44496.0,22248.0,44166.0,330.0,104.0,136.0,66.93141761,125.0,233.75,375.0,935.0,26883.0
80.0,326.0,935.0,326.0,108.6666667,935.0,233.75,3616.0,1808.0,3318.0,298.0,104.0,136.0,362.3188406,108.6666667,233.75,326.0,935.0,26883.0
80.0,345.0,935.0,345.0,115.0,935.0,233.75,32783.0,16391.5,32486.0,297.0,104.0,136.0,66.37755554,115.0,233.75,345.0,935.0,26883.0
80.0,328.0,935.0,328.0,109.3333333,935.0,233.75,12733.0,6366.5,8806.0,3927.0,104.0,136.0,54.38033607,109.3333333,233.75,328.0,935.0,26883.0
80.0,321.0,935.0,321.0,107.0,935.0,233.75,58371.0,29185.5,57972.0,399.0,104.0,136.0,28.51521287,107.0,233.75,321.0,935.0,26883.0
80.0,375.0,935.0,375.0,125.0,935.0,233.75,6965.0,3482.5,4419.0,2546.0,104.0,136.0,58.72795255,125.0,233.75,375.0,935.0,26883.0
80.0,307.0,935.0,307.0,102.3333333,935.0,233.75,32182.0,16091.0,31914.0,268.0,104.0,136.0,86.90110654,102.3333333,233.75,307.0,935.0,26883.0
80.0,321.0,935.0,321.0,107.0,935.0,233.75,34865.0,17432.5,34541.0,324.0,104.0,136.0,83.8293235,107.0,233.75,321.0,935.0,26883.0
80.0,304.0,935.0,304.0,101.3333333,935.0,233.75,5908.0,2954.0,3100.0,2808.0,104.0,136.0,64.84523604,101.3333333,233.75,304.0,935.0,26883.0
80.0,349.0,935.0,349.0,116.3333333,935.0,233.75,5797.0,2898.5,3125.0,2672.0,104.0,136.0,62.66973052,116.3333333,233.75,349.0,935.0,26883.0
80.0,295.0,935.0,295.0,98.33333333,935.0,233.75,31049.0,15524.5,30705.0,344.0,104.0,136.0,94.90367277,98.33333333,233.75,295.0,935.0,26883.0
80.0,357.0,935.0,357.0,119.0,935.0,233.75,9443.0,4721.5,9185.0,258.0,104.0,136.0,146.5129908,119.0,233.75,357.0,935.0,26883.0
80.0,362.0,935.0,362.0,120.6666667,935.0,233.75,10787.0,5393.5,9264.0,1523.0,104.0,136.0,61.16706765,120.6666667,233.75,362.0,935.0,26883.0
80.0,320.0,935.0,320.0,106.6666667,935.0,233.75,22037.0,11018.5,21521.0,516.0,104.0,136.0,106.228533,106.6666667,233.75,320.0,935.0,26883.0
80.0,325.0,935.0,325.0,108.3333333,935.0,233.75,14144.0,7072.0,13880.0,264.0,104.0,136.0,133.1262481,108.3333333,233.75,325.0,935.0,26883.0
80.0,395.0,935.0,395.0,131.6666667,935.0,233.75,1482.0,741.0,918.0,564.0,104.0,136.0,135.0195778,131.6666667,233.75,395.0,935.0,26883.0
80.0,326.0,935.0,326.0,108.6666667,935.0,233.75,36325.0,18162.5,36060.0,265.0,104.0,136.0,51.77412674,108.6666667,233.75,326.0,935.0,26883.0
80.0,409.0,935.0,409.0,136.33333330000002,935.0,233.75,34534.0,17267.0,34292.0,242.0,104.0,136.0,86.14995836,136.33333330000002,233.75,409.0,935.0,26883.0
80.0,0.0,0.0,0.0,0.0,0.0,0.0,64.0,64.0,64.0,64.0,64.0,0.0,31250.0,0.0,0.0,0.0,0.0,225.0
80.0,315.0,935.0,315.0,105.0,935.0,233.75,19064.0,9532.0,18727.0,337.0,104.0,136.0,145.2784504,105.0,233.75,315.0,935.0,26883.0
80.0,0.0,0.0,0.0,0.0,0.0,0.0,70.0,70.0,70.0,70.0,64.0,0.0,28571.42857,0.0,0.0,0.0,0.0,225.0
80.0,377.0,935.0,377.0,125.6666667,935.0,233.75,6618.0,3309.0,3922.0,2696.0,104.0,136.0,60.25064267,125.6666667,233.75,377.0,935.0,26883.0
80.0,311.0,935.0,311.0,103.6666667,935.0,233.75,24218.0,12109.0,23935.0,283.0,104.0,136.0,112.2838536,103.6666667,233.75,311.0,935.0,26883.0
80.0,305.0,935.0,305.0,101.6666667,935.0,233.75,28494.0,14247.0,28193.0,301.0,104.0,136.0,94.30996542,101.6666667,233.75,305.0,935.0,26883.0
80.0,0.0,0.0,0.0,0.0,0.0,0.0,101.0,101.0,101.0,101.0,64.0,0.0,19801.9802,0.0,0.0,0.0,0.0,225.0
80.0,369.0,935.0,369.0,123.0,935.0,233.75,11342.0,5671.0,8412.0,2930.0,104.0,136.0,55.89819076,123.0,233.75,369.0,935.0,26883.0
80.0,311.0,935.0,311.0,103.6666667,935.0,233.75,5613.0,2806.5,5340.0,273.0,104.0,136.0,194.9697797,103.6666667,233.75,311.0,935.0,26883.0
80.0,329.0,935.0,329.0,109.6666667,935.0,233.75,28828.0,14414.0,28530.0,298.0,104.0,136.0,69.213732,109.6666667,233.75,329.0,935.0,26883.0
80.0,325.0,935.0,325.0,108.3333333,935.0,233.75,7572.0,3786.0,7299.0,273.0,104.0,136.0,163.4699215,108.3333333,233.75,325.0,935.0,26883.0
80.0,0.0,0.0,0.0,0.0,0.0,0.0,92.0,92.0,92.0,92.0,64.0,0.0,21739.13043,0.0,0.0,0.0,0.0,225.0
80.0,0.0,0.0,0.0,0.0,0.0,0.0,75.0,75.0,75.0,75.0,64.0,0.0,26666.66667,0.0,0.0,0.0,0.0,225.0
80.0,294.0,935.0,294.0,98.0,935.0,233.75,7034.0,3517.0,6757.0,277.0,104.0,136.0,67.43694646,98.0,233.75,294.0,935.0,26883.0
80.0,288.0,935.0,288.0,96.0,935.0,233.75,22696.0,11348.0,22345.0,351.0,104.0,136.0,77.81091947,96.0,233.75,288.0,935.0,26883.0
80.0,380.0,935.0,380.0,126.6666667,935.0,233.75,45169.0,22584.5,44890.0,279.0,104.0,136.0,62.90363164,126.6666667,233.75,380.0,935.0,26883.0
80.0,374.0,935.0,374.0,124.6666667,935.0,233.75,53065.0,26532.5,52795.0,270.0,104.0,136.0,35.38653896,124.6666667,233.75,374.0,935.0,26883.0
80.0,331.0,935.0,331.0,110.3333333,935.0,233.75,34302.0,17151.0,34039.0,263.0,104.0,136.0,48.66495799,110.3333333,233.75,331.0,935.0,26883.0
80.0,0.0,0.0,0.0,0.0,0.0,0.0,47.0,47.0,47.0,47.0,64.0,0.0,42553.19149,0.0,0.0,0.0,0.0,225.0
80.0,353.0,935.0,353.0,117.6666667,935.0,233.75,42360.0,21180.0,42091.0,269.0,104.0,136.0,69.32409012,117.6666667,233.75,353.0,935.0,26883.0
80.0,413.0,935.0,413.0,137.66666669999998,935.0,233.75,24452.0,12226.0,24134.0,318.0,104.0,136.0,90.43771856,137.66666669999998,233.75,413.0,935.0,26883.0
80.0,348.0,935.0,348.0,116.0,935.0,233.75,6229.0,3114.5,5960.0,269.0,104.0,136.0,189.8493862,116.0,233.75,348.0,935.0,26883.0
80.0,329.0,935.0,329.0,109.6666667,935.0,233.75,42667.0,21333.5,42263.0,404.0,104.0,136.0,69.77717821,109.6666667,233.75,329.0,935.0,26883.0
80.0,0.0,0.0,0.0,0.0,0.0,0.0,87.0,87.0,87.0,87.0,64.0,0.0,22988.50575,0.0,0.0,0.0,0.0,225.0
80.0,365.0,935.0,365.0,121.6666667,935.0,233.75,28380.0,14190.0,28016.0,364.0,104.0,136.0,97.22897423,121.6666667,233.75,365.0,935.0,26883.0
80.0,347.0,935.0,347.0,115.6666667,935.0,233.75,32763.0,16381.5,32505.0,258.0,104.0,136.0,87.82972744,115.6666667,233.75,347.0,935.0,26883.0
80.0,357.0,935.0,357.0,119.0,935.0,233.75,3140.0,1570.0,2871.0,269.0,104.0,136.0,268.2643298,119.0,233.75,357.0,935.0,26883.0
80.0,311.0,935.0,311.0,103.6666667,935.0,233.75,7358.0,3679.0,3869.0,3489.0,104.0,136.0,71.82876024,103.6666667,233.75,311.0,935.0,26883.0
80.0,0.0,0.0,0.0,0.0,0.0,0.0,35.0,35.0,35.0,35.0,64.0,0.0,57142.85714,0.0,0.0,0.0,0.0,225.0
80.0,303.0,935.0,303.0,101.0,935.0,233.75,37574.0,18787.0,37286.0,288.0,104.0,136.0,76.33976284,101.0,233.75,303.0,935.0,26883.0
80.0,397.0,935.0,397.0,132.3333333,935.0,233.75,7849.0,3924.5,7574.0,275.0,104.0,136.0,81.68822328,132.3333333,233.75,397.0,935.0,26883.0
80.0,348.0,935.0,348.0,116.0,935.0,233.75,73123.0,36561.5,72853.0,270.0,104.0,136.0,37.99728953,116.0,233.75,348.0,935.0,26883.0
80.0,346.0,935.0,346.0,115.3333333,935.0,233.75,7398.0,3699.0,3860.0,3538.0,104.0,136.0,83.77782122,115.3333333,233.75,346.0,935.0,26883.0
80.0,347.0,935.0,347.0,115.6666667,935.0,233.75,6885.0,3442.5,4064.0,2821.0,104.0,136.0,58.13390175,115.6666667,233.75,347.0,935.0,26883.0
80.0,349.0,935.0,349.0,116.3333333,935.0,233.75,30320.0,15160.0,29974.0,346.0,104.0,136.0,82.11753757,116.3333333,233.75,349.0,935.0,26883.0
80.0,294.0,935.0,294.0,98.0,935.0,233.75,10657.0,5328.5,8807.0,1850.0,104.0,136.0,89.59235479,98.0,233.75,294.0,935.0,26883.0
80.0,289.0,935.0,289.0,96.33333333,935.0,233.75,11134.0,5567.0,8055.0,3079.0,104.0,136.0,57.85809338,96.33333333,233.75,289.0,935.0,26883.0
80.0,332.0,935.0,332.0,110.6666667,935.0,233.75,39898.0,19949.0,39513.0,385.0,104.0,136.0,71.84596226,110.6666667,233.75,332.0,935.0,26883.0
80.0,350.0,935.0,350.0,116.6666667,935.0,233.75,61387.0,30693.5,60544.0,843.0,104.0,136.0,35.61169013,116.6666667,233.75,350.0,935.0,26883.0
80.0,0.0,0.0,0.0,0.0,0.0,0.0,98.0,98.0,98.0,98.0,64.0,0.0,20408.16327,0.0,0.0,0.0,0.0,225.0
80.0,0.0,0.0,0.0,0.0,0.0,0.0,75.0,75.0,75.0,75.0,64.0,0.0,26666.66667,0.0,0.0,0.0,0.0,225.0
80.0,361.0,935.0,361.0,120.3333333,935.0,233.75,8046.0,4023.0,7992.0,54.0,104.0,136.0,56.76872422,120.3333333,233.75,361.0,935.0,26883.0
80.0,0.0,0.0,0.0,0.0,0.0,0.0,43.0,43.0,43.0,43.0,64.0,0.0,46511.62791,0.0,0.0,0.0,0.0,225.0
80.0,360.0,935.0,360.0,120.0,935.0,233.75,30615.0,15307.5,30304.0,311.0,104.0,136.0,91.31308212,120.0,233.75,360.0,935.0,26883.0
80.0,331.0,935.0,331.0,110.3333333,935.0,233.75,16309.0,8154.5,16058.0,251.0,104.0,136.0,156.15240469999995,110.3333333,233.75,331.0,935.0,26883.0
80.0,369.0,935.0,369.0,123.0,935.0,233.75,12826.0,6413.0,12590.0,236.0,104.0,136.0,185.2080504,123.0,233.75,369.0,935.0,26883.0
80.0,341.0,935.0,341.0,113.6666667,935.0,233.75,2500.0,1250.0,1756.0,744.0,104.0,136.0,132.59082469999998,113.6666667,233.75,341.0,935.0,26883.0
80.0,368.0,935.0,368.0,122.6666667,935.0,233.75,36266.0,18133.0,36003.0,263.0,104.0,136.0,50.60984868,122.6666667,233.75,368.0,935.0,26883.0
80.0,317.0,935.0,317.0,105.6666667,935.0,233.75,13135.0,6567.5,8276.0,4859.0,104.0,136.0,42.98055846,105.6666667,233.75,317.0,935.0,26883.0
80.0,366.0,935.0,366.0,122.0,935.0,233.75,7020.0,3510.0,6708.0,312.0,104.0,136.0,197.9152923,122.0,233.75,366.0,935.0,26883.0
80.0,352.0,935.0,352.0,117.3333333,935.0,233.75,27490.0,13745.0,27127.0,363.0,104.0,136.0,99.87349357,117.3333333,233.75,352.0,935.0,26883.0
80.0,339.0,935.0,339.0,113.0,935.0,233.75,10325.0,5162.5,7212.0,3113.0,104.0,136.0,86.83319344,113.0,233.75,339.0,935.0,26883.0
80.0,360.0,935.0,360.0,120.0,935.0,233.75,1439.0,719.5,1422.0,17.0,104.0,136.0,271.41952410000005,120.0,233.75,360.0,935.0,26883.0
80.0,339.0,935.0,339.0,113.0,935.0,233.75,8012.0,4006.0,4841.0,3171.0,104.0,136.0,60.32090723,113.0,233.75,339.0,935.0,26883.0
80.0,0.0,0.0,0.0,0.0,0.0,0.0,94.0,94.0,94.0,94.0,64.0,0.0,21276.59574,0.0,0.0,0.0,0.0,225.0
80.0,343.0,935.0,343.0,114.3333333,935.0,233.75,28130.0,14065.0,27876.0,254.0,104.0,136.0,47.69854519,114.3333333,233.75,343.0,935.0,26883.0
80.0,345.0,935.0,345.0,115.0,935.0,233.75,27659.0,13829.5,27343.0,316.0,104.0,136.0,105.7119701,115.0,233.75,345.0,935.0,26883.0
80.0,335.0,935.0,335.0,111.6666667,935.0,233.75,15809.0,7904.5,15509.0,300.0,104.0,136.0,61.39991813,111.6666667,233.75,335.0,935.0,26883.0
80.0,350.0,935.0,350.0,116.6666667,935.0,233.75,10173.0,5086.5,9911.0,262.0,104.0,136.0,218.7864644,116.6666667,233.75,350.0,935.0,26883.0
80.0,362.0,935.0,362.0,120.6666667,935.0,233.75,32819.0,16409.5,32550.0,269.0,104.0,136.0,83.73105585,120.6666667,233.75,362.0,935.0,26883.0
80.0,0.0,0.0,0.0,0.0,0.0,0.0,92.0,92.0,92.0,92.0,64.0,0.0,21739.13043,0.0,0.0,0.0,0.0,225.0
80.0,318.0,935.0,318.0,106.0,935.0,233.75,35510.0,17755.0,35186.0,324.0,104.0,136.0,46.26773597,106.0,233.75,318.0,935.0,26883.0
80.0,309.0,935.0,309.0,103.0,935.0,233.75,4768.0,2384.0,4507.0,261.0,104.0,136.0,299.7002997,103.0,233.75,309.0,935.0,26883.0
80.0,377.0,935.0,377.0,125.6666667,935.0,233.75,13742.0,6871.0,13135.0,607.0,104.0,136.0,51.21114354,125.6666667,233.75,377.0,935.0,26883.0
80.0,300.0,935.0,300.0,100.0,935.0,233.75,24830.0,12415.0,24581.0,249.0,104.0,136.0,99.64129135,100.0,233.75,300.0,935.0,26883.0
80.0,357.0,935.0,357.0,119.0,935.0,233.75,14406.0,7203.0,13820.0,586.0,104.0,136.0,165.35302869999995,119.0,233.75,357.0,935.0,26883.0
80.0,373.0,935.0,373.0,124.3333333,935.0,233.75,13870.0,6935.0,13604.0,266.0,104.0,136.0,119.1185229,124.3333333,233.75,373.0,935.0,26883.0
80.0,304.0,935.0,304.0,101.3333333,935.0,233.75,13776.0,6888.0,13533.0,243.0,104.0,136.0,115.77200630000002,101.3333333,233.75,304.0,935.0,26883.0
80.0,348.0,935.0,348.0,116.0,935.0,233.75,9430.0,4715.0,5663.0,3767.0,104.0,136.0,58.28864537,116.0,233.75,348.0,935.0,26883.0
80.0,395.0,935.0,395.0,131.6666667,935.0,233.75,16366.0,8183.0,16126.0,240.0,104.0,136.0,59.73477759,131.6666667,233.75,395.0,935.0,26883.0
80.0,396.0,935.0,396.0,132.0,935.0,233.75,3530.0,1765.0,2475.0,1055.0,104.0,136.0,71.39627311,132.0,233.75,396.0,935.0,26883.0
80.0,353.0,935.0,353.0,117.6666667,935.0,233.75,40510.0,20255.0,40157.0,353.0,104.0,136.0,70.73302997,117.6666667,233.75,353.0,935.0,26883.0
80.0,314.0,935.0,314.0,104.6666667,935.0,233.75,5354.0,2677.0,5010.0,344.0,104.0,136.0,315.9224937,104.6666667,233.75,314.0,935.0,26883.0
80.0,365.0,935.0,365.0,121.6666667,935.0,233.75,26925.0,13462.5,26611.0,314.0,104.0,136.0,54.24464334,121.6666667,233.75,365.0,935.0,26883.0
80.0,354.0,935.0,354.0,118.0,935.0,233.75,3913.0,1956.5,2012.0,1901.0,104.0,136.0,67.13662303,118.0,233.75,354.0,935.0,26883.0
80.0,344.0,935.0,344.0,114.6666667,935.0,233.75,42358.0,21179.0,42095.0,263.0,104.0,136.0,43.03296325,114.6666667,233.75,344.0,935.0,26883.0
80.0,294.0,935.0,294.0,98.0,935.0,233.75,13361.0,6680.5,9816.0,3545.0,104.0,136.0,58.59031697,98.0,233.75,294.0,935.0,26883.0
80.0,304.0,935.0,304.0,60.8,935.0,311.6666667,81223.0,20305.75,40708.0,313.0,168.0,104.0,61.55891804,60.8,311.6666667,304.0,935.0,26883.0
80.0,355.0,935.0,355.0,118.3333333,935.0,233.75,35393.0,17696.5,35144.0,249.0,104.0,136.0,40.6476526,118.3333333,233.75,355.0,935.0,26883.0
80.0,345.0,935.0,345.0,115.0,935.0,233.75,14746.0,7373.0,10602.0,4144.0,104.0,136.0,55.91798695,115.0,233.75,345.0,935.0,26883.0
80.0,317.0,935.0,317.0,105.6666667,935.0,233.75,2754.0,1377.0,2428.0,326.0,104.0,136.0,144.11990780000005,105.6666667,233.75,317.0,935.0,26883.0
80.0,326.0,935.0,326.0,81.5,935.0,233.75,30753.0,10251.0,28423.0,302.0,136.0,136.0,129.7858533,81.5,233.75,326.0,935.0,26883.0
80.0,0.0,0.0,0.0,0.0,0.0,0.0,91.0,91.0,91.0,91.0,64.0,0.0,21978.02198,0.0,0.0,0.0,0.0,225.0
80.0,407.0,935.0,407.0,135.66666669999998,935.0,233.75,16925.0,8462.5,16666.0,259.0,104.0,136.0,77.66387077,135.66666669999998,233.75,407.0,935.0,26883.0
80.0,320.0,935.0,320.0,106.6666667,935.0,233.75,1568.0,784.0,892.0,676.0,104.0,136.0,66.31153158,106.6666667,233.75,320.0,935.0,26883.0
80.0,0.0,0.0,0.0,0.0,0.0,0.0,53.0,53.0,53.0,53.0,64.0,0.0,37735.84906,0.0,0.0,0.0,0.0,225.0
80.0,352.0,935.0,352.0,117.3333333,935.0,233.75,7311.0,3655.5,4018.0,3293.0,104.0,136.0,68.62632964,117.3333333,233.75,352.0,935.0,26883.0
80.0,356.0,935.0,356.0,118.6666667,935.0,233.75,11018.0,5509.0,9465.0,1553.0,104.0,136.0,61.06000163,118.6666667,233.75,356.0,935.0,26883.0
80.0,0.0,0.0,0.0,0.0,0.0,0.0,33.0,33.0,33.0,33.0,64.0,0.0,60606.06061,0.0,0.0,0.0,0.0,225.0
80.0,0.0,0.0,0.0,0.0,0.0,0.0,78.0,78.0,78.0,78.0,64.0,0.0,25641.02564,0.0,0.0,0.0,0.0,225.0
80.0,822.0,935.0,411.0,205.5,935.0,233.75,213736.0,71245.33333,206954.0,3014.0,136.0,136.0,16.22277109,205.5,233.75,822.0,935.0,26883.0
80.0,292.0,935.0,292.0,97.33333333,935.0,233.75,8553.0,4276.5,7526.0,1027.0,104.0,136.0,65.77072326,97.33333333,233.75,292.0,935.0,26883.0
80.0,302.0,935.0,302.0,100.6666667,935.0,233.75,1062.0,531.0,644.0,418.0,104.0,136.0,150.3834779,100.6666667,233.75,302.0,935.0,26883.0
80.0,0.0,0.0,0.0,0.0,0.0,0.0,79.0,79.0,79.0,79.0,64.0,0.0,25316.4557,0.0,0.0,0.0,0.0,225.0
80.0,340.0,935.0,340.0,113.3333333,935.0,233.75,2515.0,1257.5,2253.0,262.0,104.0,136.0,91.5164272,113.3333333,233.75,340.0,935.0,26883.0
80.0,372.0,935.0,372.0,124.0,935.0,233.75,23644.0,11822.0,23278.0,366.0,104.0,136.0,125.1251251,124.0,233.75,372.0,935.0,26883.0
80.0,0.0,0.0,0.0,0.0,0.0,0.0,116.0,116.0,116.0,116.0,64.0,0.0,17241.37931,0.0,0.0,0.0,0.0,225.0
80.0,305.0,935.0,305.0,101.6666667,935.0,233.75,26795.0,13397.5,26438.0,357.0,104.0,136.0,67.84107098,101.6666667,233.75,305.0,935.0,26883.0
80.0,0.0,0.0,0.0,0.0,0.0,0.0,86.0,86.0,86.0,86.0,64.0,0.0,23255.81395,0.0,0.0,0.0,0.0,225.0
80.0,361.0,935.0,361.0,120.3333333,935.0,233.75,58115.0,29057.5,57843.0,272.0,104.0,136.0,30.86292745,120.3333333,233.75,361.0,935.0,26883.0
80.0,322.0,935.0,322.0,107.3333333,935.0,233.75,10848.0,5424.0,9086.0,1762.0,104.0,136.0,61.48170919,107.3333333,233.75,322.0,935.0,26883.0
80.0,327.0,935.0,327.0,109.0,935.0,233.75,33338.0,16669.0,33066.0,272.0,104.0,136.0,86.27879555,109.0,233.75,327.0,935.0,26883.0
80.0,378.0,935.0,378.0,126.0,935.0,233.75,9323.0,4661.5,6578.0,2745.0,104.0,136.0,56.10412926,126.0,233.75,378.0,935.0,26883.0
80.0,0.0,0.0,0.0,0.0,0.0,0.0,53.0,53.0,53.0,53.0,64.0,0.0,37735.84906,0.0,0.0,0.0,0.0,225.0
80.0,355.0,935.0,355.0,118.3333333,935.0,233.75,17659.0,8829.5,17373.0,286.0,104.0,136.0,107.739271,118.3333333,233.75,355.0,935.0,26883.0
80.0,417.0,935.0,417.0,139.0,935.0,233.75,29402.0,14701.0,29155.0,247.0,104.0,136.0,71.57000740000002,139.0,233.75,417.0,935.0,26883.0
80.0,294.0,935.0,294.0,98.0,935.0,233.75,37901.0,18950.5,37636.0,265.0,104.0,136.0,53.88705274,98.0,233.75,294.0,935.0,26883.0
80.0,327.0,935.0,327.0,109.0,935.0,233.75,11213.0,5606.5,10072.0,1141.0,104.0,136.0,62.59780908,109.0,233.75,327.0,935.0,26883.0
80.0,307.0,935.0,307.0,102.3333333,935.0,233.75,37049.0,18524.5,36801.0,248.0,104.0,136.0,43.30004041,102.3333333,233.75,307.0,935.0,26883.0
80.0,0.0,0.0,0.0,0.0,0.0,0.0,52.0,52.0,52.0,52.0,64.0,0.0,38461.53846,0.0,0.0,0.0,0.0,225.0
80.0,0.0,0.0,0.0,0.0,0.0,0.0,82.0,82.0,82.0,82.0,64.0,0.0,24390.2439,0.0,0.0,0.0,0.0,225.0
80.0,353.0,935.0,353.0,117.6666667,935.0,233.75,42708.0,21354.0,42449.0,259.0,104.0,136.0,53.25569836,117.6666667,233.75,353.0,935.0,26883.0
80.0,368.0,935.0,368.0,122.6666667,935.0,233.75,16125.0,8062.5,15842.0,283.0,104.0,136.0,116.7269756,122.6666667,233.75,368.0,935.0,26883.0
80.0,348.0,935.0,348.0,116.0,935.0,233.75,1564.0,782.0,1106.0,458.0,104.0,136.0,174.79461630000003,116.0,233.75,348.0,935.0,26883.0
80.0,298.0,935.0,298.0,99.33333333,935.0,233.75,18265.0,9132.5,17994.0,271.0,104.0,136.0,123.147654,99.33333333,233.75,298.0,935.0,26883.0
80.0,0.0,0.0,0.0,0.0,0.0,0.0,37.0,37.0,37.0,37.0,64.0,0.0,54054.05405,0.0,0.0,0.0,0.0,225.0
80.0,333.0,935.0,333.0,111.0,935.0,233.75,9454.0,4727.0,7003.0,2451.0,104.0,136.0,60.87291764,111.0,233.75,333.0,935.0,26883.0
80.0,320.0,935.0,320.0,106.6666667,935.0,233.75,44633.0,22316.5,44390.0,243.0,104.0,136.0,62.27167054,106.6666667,233.75,320.0,935.0,26883.0
80.0,354.0,935.0,354.0,118.0,935.0,233.75,29083.0,14541.5,28809.0,274.0,104.0,136.0,100.1970542,118.0,233.75,354.0,935.0,26883.0
80.0,344.0,935.0,344.0,114.6666667,935.0,233.75,4111.0,2055.5,3576.0,535.0,104.0,136.0,197.3684211,114.6666667,233.75,344.0,935.0,26883.0
80.0,311.0,935.0,311.0,103.6666667,935.0,233.75,38261.0,19130.5,37952.0,309.0,104.0,136.0,69.12442396,103.6666667,233.75,311.0,935.0,26883.0
80.0,350.0,935.0,350.0,116.6666667,935.0,233.75,19112.0,9556.0,18850.0,262.0,104.0,136.0,69.08462867,116.6666667,233.75,350.0,935.0,26883.0
80.0,354.0,935.0,354.0,118.0,935.0,233.75,28062.0,14031.0,27772.0,290.0,104.0,136.0,58.63726985,118.0,233.75,354.0,935.0,26883.0
80.0,377.0,935.0,377.0,125.6666667,935.0,233.75,25723.0,12861.5,25400.0,323.0,104.0,136.0,112.5323531,125.6666667,233.75,377.0,935.0,26883.0
80.0,345.0,935.0,345.0,115.0,935.0,233.75,28006.0,14003.0,27599.0,407.0,104.0,136.0,101.4507457,115.0,233.75,345.0,935.0,26883.0
80.0,344.0,935.0,344.0,114.6666667,935.0,233.75,44031.0,22015.5,43725.0,306.0,104.0,136.0,42.89636239,114.6666667,233.75,344.0,935.0,26883.0
80.0,302.0,935.0,302.0,100.6666667,935.0,233.75,23053.0,11526.5,22715.0,338.0,104.0,136.0,57.06785368,100.6666667,233.75,302.0,935.0,26883.0
80.0,357.0,935.0,357.0,119.0,935.0,233.75,45687.0,22843.5,45447.0,240.0,104.0,136.0,63.86239782,119.0,233.75,357.0,935.0,26883.0
80.0,347.0,935.0,347.0,115.6666667,935.0,233.75,13047.0,6523.5,9302.0,3745.0,104.0,136.0,68.04109682,115.6666667,233.75,347.0,935.0,26883.0
80.0,324.0,935.0,324.0,108.0,935.0,233.75,30827.0,15413.5,30539.0,288.0,104.0,136.0,91.54155987,108.0,233.75,324.0,935.0,26883.0
80.0,0.0,0.0,0.0,0.0,0.0,0.0,98.0,98.0,98.0,98.0,64.0,0.0,20408.16327,0.0,0.0,0.0,0.0,225.0
80.0,0.0,0.0,0.0,0.0,0.0,0.0,89.0,89.0,89.0,89.0,64.0,0.0,22471.91011,0.0,0.0,0.0,0.0,225.0
80.0,401.0,935.0,401.0,133.6666667,935.0,233.75,11547.0,5773.5,11281.0,266.0,104.0,136.0,126.193581,133.6666667,233.75,401.0,935.0,26883.0
80.0,343.0,935.0,343.0,114.3333333,935.0,233.75,17556.0,8778.0,17259.0,297.0,104.0,136.0,72.80139779,114.3333333,233.75,343.0,935.0,26883.0
80.0,312.0,935.0,312.0,104.0,935.0,233.75,17821.0,8910.5,17457.0,364.0,104.0,136.0,72.56367462,104.0,233.75,312.0,935.0,26883.0
80.0,369.0,935.0,369.0,123.0,935.0,233.75,10753.0,5376.5,6704.0,4049.0,104.0,136.0,55.21912791,123.0,233.75,369.0,935.0,26883.0
80.0,336.0,935.0,336.0,112.0,935.0,233.75,7362.0,3681.0,4036.0,3326.0,104.0,136.0,62.14911645,112.0,233.75,336.0,935.0,26883.0
80.0,357.0,935.0,357.0,119.0,935.0,233.75,35664.0,17832.0,35392.0,272.0,104.0,136.0,80.42464211,119.0,233.75,357.0,935.0,26883.0
80.0,387.0,935.0,387.0,129.0,935.0,233.75,37845.0,18922.5,37558.0,287.0,104.0,136.0,37.28190088,129.0,233.75,387.0,935.0,26883.0
80.0,361.0,935.0,361.0,120.3333333,935.0,233.75,26837.0,13418.5,26591.0,246.0,104.0,136.0,108.38150290000002,120.3333333,233.75,361.0,935.0,26883.0
80.0,311.0,935.0,311.0,103.6666667,935.0,233.75,7060.0,3530.0,6746.0,314.0,104.0,136.0,115.5357005,103.6666667,233.75,311.0,935.0,26883.0
80.0,353.0,935.0,353.0,117.6666667,935.0,233.75,23451.0,11725.5,23197.0,254.0,104.0,136.0,112.8116422,117.6666667,233.75,353.0,935.0,26883.0
80.0,355.0,935.0,355.0,118.3333333,935.0,233.75,21272.0,10636.0,21038.0,234.0,104.0,136.0,64.98570315,118.3333333,233.75,355.0,935.0,26883.0
80.0,414.0,935.0,414.0,138.0,935.0,233.75,26653.0,13326.5,26277.0,376.0,104.0,136.0,105.3481757,138.0,233.75,414.0,935.0,26883.0
80.0,318.0,935.0,318.0,106.0,935.0,233.75,7815.0,3907.5,6093.0,1722.0,104.0,136.0,60.21073758,106.0,233.75,318.0,935.0,26883.0
80.0,0.0,0.0,0.0,0.0,0.0,0.0,68.0,68.0,68.0,68.0,64.0,0.0,29411.764710000003,0.0,0.0,0.0,0.0,225.0
80.0,294.0,935.0,294.0,98.0,935.0,233.75,6110.0,3055.0,5830.0,280.0,104.0,136.0,76.36891276,98.0,233.75,294.0,935.0,26883.0
80.0,339.0,935.0,339.0,84.75,935.0,233.75,1030172.0,343390.6667,1024305.0,1111.0,144.0,136.0,3.717503213,84.75,233.75,339.0,935.0,26883.0
80.0,343.0,935.0,343.0,114.3333333,935.0,233.75,23428.0,11714.0,23145.0,283.0,104.0,136.0,77.62167197,114.3333333,233.75,343.0,935.0,26883.0
80.0,322.0,935.0,322.0,107.3333333,935.0,233.75,35234.0,17617.0,34910.0,324.0,104.0,136.0,78.03355443,107.3333333,233.75,322.0,935.0,26883.0
80.0,293.0,935.0,293.0,97.66666667,935.0,233.75,18332.0,9166.0,18003.0,329.0,104.0,136.0,97.27626459,97.66666667,233.75,293.0,935.0,26883.0
80.0,362.0,935.0,362.0,120.6666667,935.0,233.75,34428.0,17214.0,34095.0,333.0,104.0,136.0,82.81116294,120.6666667,233.75,362.0,935.0,26883.0
80.0,320.0,935.0,320.0,106.6666667,935.0,233.75,7259.0,3629.5,5978.0,1281.0,104.0,136.0,61.25824434,106.6666667,233.75,320.0,935.0,26883.0
80.0,417.0,935.0,417.0,104.25,935.0,233.75,1043980.0,347993.3333,1033000.0,2342.0,144.0,136.0,3.65898615,104.25,233.75,417.0,935.0,26883.0
80.0,354.0,935.0,354.0,118.0,935.0,233.75,8946.0,4473.0,4845.0,4101.0,104.0,136.0,65.96161034,118.0,233.75,354.0,935.0,26883.0
80.0,318.0,935.0,318.0,106.0,935.0,233.75,4451.0,2225.5,2437.0,2014.0,104.0,136.0,65.08580479,106.0,233.75,318.0,935.0,26883.0
80.0,325.0,935.0,325.0,108.3333333,935.0,233.75,9929.0,4964.5,8579.0,1350.0,104.0,136.0,86.53263723,108.3333333,233.75,325.0,935.0,26883.0
80.0,350.0,935.0,350.0,116.6666667,935.0,233.75,5365.0,2682.5,5095.0,270.0,104.0,136.0,286.6424613,116.6666667,233.75,350.0,935.0,26883.0
80.0,330.0,935.0,330.0,110.0,935.0,233.75,11688.0,5844.0,8225.0,3463.0,104.0,136.0,55.39654695,110.0,233.75,330.0,935.0,26883.0
80.0,319.0,935.0,319.0,106.3333333,935.0,233.75,6835.0,3417.5,3619.0,3216.0,104.0,136.0,65.37087074,106.3333333,233.75,319.0,935.0,26883.0
80.0,290.0,935.0,290.0,96.66666667,935.0,233.75,18464.0,9232.0,18133.0,331.0,104.0,136.0,146.484375,96.66666667,233.75,290.0,935.0,26883.0
80.0,305.0,935.0,305.0,101.6666667,935.0,233.75,8314.0,4157.0,4169.0,4145.0,104.0,136.0,56.81280182,101.6666667,233.75,305.0,935.0,26883.0
80.0,339.0,935.0,339.0,113.0,935.0,233.75,6065.0,3032.5,3269.0,2796.0,104.0,136.0,61.78560395,113.0,233.75,339.0,935.0,26883.0
80.0,357.0,935.0,357.0,119.0,935.0,233.75,29807.0,14903.5,29395.0,412.0,104.0,136.0,95.85889571,119.0,233.75,357.0,935.0,26883.0
80.0,306.0,935.0,306.0,102.0,935.0,233.75,2993.0,1496.5,2746.0,247.0,104.0,136.0,375.7044458,102.0,233.75,306.0,935.0,26883.0
80.0,293.0,935.0,293.0,97.66666667,935.0,233.75,9713.0,4856.5,7243.0,2470.0,104.0,136.0,78.18404524,97.66666667,233.75,293.0,935.0,26883.0
80.0,330.0,935.0,330.0,110.0,935.0,233.75,23773.0,11886.5,15828.0,7945.0,104.0,136.0,45.35010279,110.0,233.75,330.0,935.0,26883.0
80.0,391.0,935.0,391.0,130.3333333,935.0,233.75,13818.0,6909.0,13481.0,337.0,104.0,136.0,76.11315489,130.3333333,233.75,391.0,935.0,26883.0
80.0,331.0,935.0,331.0,110.3333333,935.0,233.75,26588.0,13294.0,26288.0,300.0,104.0,136.0,107.94084840000002,110.3333333,233.75,331.0,935.0,26883.0
80.0,326.0,935.0,326.0,108.6666667,935.0,233.75,9670.0,4835.0,9362.0,308.0,104.0,136.0,169.3384511,108.6666667,233.75,326.0,935.0,26883.0
80.0,311.0,935.0,311.0,103.6666667,935.0,233.75,24786.0,12393.0,24466.0,320.0,104.0,136.0,98.05844283,103.6666667,233.75,311.0,935.0,26883.0
80.0,317.0,935.0,317.0,105.6666667,935.0,233.75,6313.0,3156.5,3161.0,3152.0,104.0,136.0,60.13952369,105.6666667,233.75,317.0,935.0,26883.0
80.0,327.0,935.0,327.0,81.75,935.0,233.75,1012684.0,337561.3333,1005149.0,2571.0,144.0,136.0,3.798421566,81.75,233.75,327.0,935.0,26883.0
80.0,345.0,935.0,345.0,115.0,935.0,233.75,42681.0,21340.5,42342.0,339.0,104.0,136.0,69.07826568,115.0,233.75,345.0,935.0,26883.0
80.0,374.0,935.0,374.0,124.6666667,935.0,233.75,35632.0,17816.0,35367.0,265.0,104.0,136.0,80.46131152,124.6666667,233.75,374.0,935.0,26883.0
80.0,0.0,0.0,0.0,0.0,0.0,0.0,71.0,71.0,71.0,71.0,64.0,0.0,28169.01408,0.0,0.0,0.0,0.0,225.0
80.0,303.0,935.0,303.0,101.0,935.0,233.75,21918.0,10959.0,21629.0,289.0,104.0,136.0,115.51345729999998,101.0,233.75,303.0,935.0,26883.0
80.0,329.0,935.0,329.0,109.6666667,935.0,233.75,24361.0,12180.5,24062.0,299.0,104.0,136.0,80.72979737,109.6666667,233.75,329.0,935.0,26883.0
80.0,0.0,0.0,0.0,0.0,0.0,0.0,51.0,51.0,51.0,51.0,64.0,0.0,39215.68627,0.0,0.0,0.0,0.0,225.0
80.0,0.0,0.0,0.0,0.0,0.0,0.0,24.0,24.0,24.0,24.0,64.0,0.0,83333.33333,0.0,0.0,0.0,0.0,225.0
80.0,319.0,935.0,319.0,106.3333333,935.0,233.75,722.0,361.0,431.0,291.0,104.0,136.0,530.7855626,106.3333333,233.75,319.0,935.0,26883.0
80.0,329.0,935.0,329.0,109.6666667,935.0,233.75,1622.0,811.0,1348.0,274.0,104.0,136.0,132.310135,109.6666667,233.75,329.0,935.0,26883.0
80.0,326.0,935.0,326.0,108.6666667,935.0,233.75,4792.0,2396.0,4483.0,309.0,104.0,136.0,106.2172497,108.6666667,233.75,326.0,935.0,26883.0
80.0,726.0,935.0,363.0,181.5,935.0,233.75,255819.0,85273.0,203548.0,2538.0,136.0,136.0,15.41972491,181.5,233.75,726.0,935.0,26883.0
80.0,304.0,935.0,304.0,101.3333333,935.0,233.75,10435.0,5217.5,10146.0,289.0,104.0,136.0,73.73543725,101.3333333,233.75,304.0,935.0,26883.0
80.0,329.0,935.0,329.0,109.6666667,935.0,233.75,32904.0,16452.0,32569.0,335.0,104.0,136.0,86.01903888,109.6666667,233.75,329.0,935.0,26883.0
80.0,360.0,935.0,360.0,120.0,935.0,233.75,27528.0,13764.0,27271.0,257.0,104.0,136.0,83.77548171,120.0,233.75,360.0,935.0,26883.0
80.0,321.0,935.0,321.0,107.0,935.0,233.75,10954.0,5477.0,9346.0,1608.0,104.0,136.0,62.19292245,107.0,233.75,321.0,935.0,26883.0
80.0,343.0,935.0,343.0,114.3333333,935.0,233.75,6470.0,3235.0,5869.0,601.0,104.0,136.0,62.90363164,114.3333333,233.75,343.0,935.0,26883.0
80.0,351.0,935.0,351.0,117.0,935.0,233.75,4914.0,2457.0,2926.0,1988.0,104.0,136.0,59.102819200000006,117.0,233.75,351.0,935.0,26883.0
80.0,337.0,935.0,337.0,112.3333333,935.0,233.75,11577.0,5788.5,9545.0,2032.0,104.0,136.0,43.57235189,112.3333333,233.75,337.0,935.0,26883.0
80.0,311.0,935.0,311.0,103.6666667,935.0,233.75,37459.0,18729.5,37161.0,298.0,104.0,136.0,78.43137255,103.6666667,233.75,311.0,935.0,26883.0
80.0,0.0,0.0,0.0,0.0,0.0,0.0,53.0,53.0,53.0,53.0,64.0,0.0,37735.84906,0.0,0.0,0.0,0.0,225.0
80.0,302.0,935.0,302.0,100.6666667,935.0,233.75,38132.0,19066.0,37765.0,367.0,104.0,136.0,40.41601552,100.6666667,233.75,302.0,935.0,26883.0
80.0,302.0,935.0,302.0,100.6666667,935.0,233.75,8163.0,4081.5,7860.0,303.0,104.0,136.0,166.8706196,100.6666667,233.75,302.0,935.0,26883.0
80.0,413.0,935.0,413.0,137.66666669999998,935.0,233.75,2444.0,1222.0,2179.0,265.0,104.0,136.0,213.7361072,137.66666669999998,233.75,413.0,935.0,26883.0
80.0,330.0,935.0,330.0,110.0,935.0,233.75,7858.0,3929.0,4028.0,3830.0,104.0,136.0,57.82575173,110.0,233.75,330.0,935.0,26883.0
80.0,398.0,935.0,398.0,132.6666667,935.0,233.75,9919.0,4959.5,9679.0,240.0,104.0,136.0,112.2250486,132.6666667,233.75,398.0,935.0,26883.0
80.0,712.0,935.0,356.0,178.0,935.0,233.75,208378.0,69459.33333,203609.0,1297.0,136.0,136.0,16.8825523,178.0,233.75,712.0,935.0,26883.0
80.0,366.0,935.0,366.0,122.0,935.0,233.75,53653.0,26826.5,53400.0,253.0,104.0,136.0,27.90671715,122.0,233.75,366.0,935.0,26883.0
80.0,384.0,935.0,384.0,128.0,935.0,233.75,23791.0,11895.5,23497.0,294.0,104.0,136.0,118.1427953,128.0,233.75,384.0,935.0,26883.0
80.0,333.0,935.0,333.0,111.0,935.0,233.75,30462.0,15231.0,30206.0,256.0,104.0,136.0,90.31520005,111.0,233.75,333.0,935.0,26883.0
80.0,367.0,935.0,367.0,122.3333333,935.0,233.75,21097.0,10548.5,20713.0,384.0,104.0,136.0,51.84660318,122.3333333,233.75,367.0,935.0,26883.0
80.0,355.0,935.0,355.0,118.3333333,935.0,233.75,9073.0,4536.5,8838.0,235.0,104.0,136.0,234.944005,118.3333333,233.75,355.0,935.0,26883.0
80.0,307.0,935.0,307.0,61.4,935.0,311.6666667,36795.0,9198.75,33139.0,275.0,168.0,104.0,135.8880283,61.4,311.6666667,307.0,935.0,26883.0
80.0,378.0,935.0,378.0,126.0,935.0,233.75,3405.0,1702.5,3149.0,256.0,104.0,136.0,198.5571514,126.0,233.75,378.0,935.0,26883.0
80.0,326.0,935.0,326.0,108.6666667,935.0,233.75,8784.0,4392.0,8512.0,272.0,104.0,136.0,246.467302,108.6666667,233.75,326.0,935.0,26883.0
80.0,390.0,935.0,390.0,130.0,935.0,233.75,10428.0,5214.0,5751.0,4677.0,104.0,136.0,56.40794224,130.0,233.75,390.0,935.0,26883.0
80.0,380.0,935.0,380.0,126.6666667,935.0,233.75,7612.0,3806.0,7363.0,249.0,104.0,136.0,97.86651008,126.6666667,233.75,380.0,935.0,26883.0
80.0,348.0,935.0,348.0,116.0,935.0,233.75,11009.0,5504.5,8801.0,2208.0,104.0,136.0,85.32180541,116.0,233.75,348.0,935.0,26883.0
80.0,308.0,935.0,308.0,102.6666667,935.0,233.75,113172.0,56586.0,112776.0,396.0,104.0,136.0,19.51194131,102.6666667,233.75,308.0,935.0,26883.0
80.0,353.0,935.0,353.0,117.6666667,935.0,233.75,40860.0,20430.0,40501.0,359.0,104.0,136.0,67.77057402,117.6666667,233.75,353.0,935.0,26883.0
80.0,350.0,935.0,350.0,116.6666667,935.0,233.75,18285.0,9142.5,18017.0,268.0,104.0,136.0,116.9089279,116.6666667,233.75,350.0,935.0,26883.0
80.0,376.0,935.0,376.0,125.3333333,935.0,233.75,8370.0,4185.0,4234.0,4136.0,104.0,136.0,61.76779427,125.3333333,233.75,376.0,935.0,26883.0
80.0,345.0,935.0,345.0,115.0,935.0,233.75,35552.0,17776.0,35303.0,249.0,104.0,136.0,80.34064433,115.0,233.75,345.0,935.0,26883.0
80.0,288.0,935.0,288.0,96.0,935.0,233.75,6804.0,3402.0,3501.0,3303.0,104.0,136.0,60.05525083,96.0,233.75,288.0,935.0,26883.0
80.0,360.0,935.0,360.0,120.0,935.0,233.75,13775.0,6887.5,13512.0,263.0,104.0,136.0,206.7967188,120.0,233.75,360.0,935.0,26883.0
80.0,305.0,935.0,305.0,101.6666667,935.0,233.75,49215.0,24607.5,48834.0,381.0,104.0,136.0,29.88613383,101.6666667,233.75,305.0,935.0,26883.0
80.0,371.0,935.0,371.0,123.6666667,935.0,233.75,18703.0,9351.5,18453.0,250.0,104.0,136.0,82.27292672,123.6666667,233.75,371.0,935.0,26883.0
80.0,350.0,935.0,350.0,116.6666667,935.0,233.75,40709.0,20354.5,40474.0,235.0,104.0,136.0,36.82653475,116.6666667,233.75,350.0,935.0,26883.0
80.0,306.0,935.0,306.0,102.0,935.0,233.75,31933.0,15966.5,31610.0,323.0,104.0,136.0,55.24149741,102.0,233.75,306.0,935.0,26883.0
80.0,345.0,935.0,345.0,115.0,935.0,233.75,757.0,378.5,423.0,334.0,104.0,136.0,153.68065159999998,115.0,233.75,345.0,935.0,26883.0
80.0,322.0,935.0,322.0,107.3333333,935.0,233.75,18412.0,9206.0,18174.0,238.0,104.0,136.0,76.40976007,107.3333333,233.75,322.0,935.0,26883.0
80.0,351.0,935.0,351.0,117.0,935.0,233.75,45102.0,22551.0,44738.0,364.0,104.0,136.0,45.07482421,117.0,233.75,351.0,935.0,26883.0
80.0,339.0,935.0,339.0,113.0,935.0,233.75,18269.0,9134.5,17998.0,271.0,104.0,136.0,139.19175980000003,113.0,233.75,339.0,935.0,26883.0
80.0,375.0,935.0,375.0,125.0,935.0,233.75,13109.0,6554.5,12232.0,877.0,104.0,136.0,43.21583428,125.0,233.75,375.0,935.0,26883.0
80.0,0.0,0.0,0.0,0.0,0.0,0.0,63.0,63.0,63.0,63.0,64.0,0.0,31746.03175,0.0,0.0,0.0,0.0,225.0
80.0,355.0,935.0,355.0,118.3333333,935.0,233.75,17767.0,8883.5,17515.0,252.0,104.0,136.0,145.28548600000005,118.3333333,233.75,355.0,935.0,26883.0
80.0,349.0,935.0,349.0,116.3333333,935.0,233.75,31514.0,15757.0,31142.0,372.0,104.0,136.0,65.52936808,116.3333333,233.75,349.0,935.0,26883.0
80.0,321.0,935.0,321.0,107.0,935.0,233.75,13797.0,6898.5,11803.0,1994.0,104.0,136.0,52.86250463,107.0,233.75,321.0,935.0,26883.0
80.0,370.0,935.0,370.0,123.3333333,935.0,233.75,10789.0,5394.5,7445.0,3344.0,104.0,136.0,89.17954816,123.3333333,233.75,370.0,935.0,26883.0
80.0,400.0,935.0,400.0,133.3333333,935.0,233.75,37391.0,18695.5,37115.0,276.0,104.0,136.0,55.23844596,133.3333333,233.75,400.0,935.0,26883.0
80.0,300.0,935.0,300.0,100.0,935.0,233.75,30767.0,15383.5,30497.0,270.0,104.0,136.0,64.35006435,100.0,233.75,300.0,935.0,26883.0
80.0,402.0,935.0,402.0,100.5,935.0,233.75,1024641.0,341547.0,1012795.0,395.0,144.0,136.0,3.792655523,100.5,233.75,402.0,935.0,26883.0
80.0,0.0,0.0,0.0,0.0,0.0,0.0,112.0,112.0,112.0,112.0,64.0,0.0,17857.14286,0.0,0.0,0.0,0.0,225.0
80.0,0.0,0.0,0.0,0.0,0.0,0.0,19.0,19.0,19.0,19.0,64.0,0.0,105263.1579,0.0,0.0,0.0,0.0,225.0
80.0,330.0,935.0,330.0,110.0,935.0,233.75,12046.0,6023.0,8882.0,3164.0,104.0,136.0,44.39708755,110.0,233.75,330.0,935.0,26883.0
80.0,372.0,935.0,372.0,124.0,935.0,233.75,28665.0,14332.5,28378.0,287.0,104.0,136.0,91.75153684,124.0,233.75,372.0,935.0,26883.0
80.0,0.0,0.0,0.0,0.0,0.0,0.0,78.0,78.0,78.0,78.0,64.0,0.0,25641.02564,0.0,0.0,0.0,0.0,225.0
80.0,338.0,935.0,338.0,112.6666667,935.0,233.75,5367.0,2683.5,5107.0,260.0,104.0,136.0,345.4231434,112.6666667,233.75,338.0,935.0,26883.0
80.0,367.0,935.0,367.0,122.3333333,935.0,233.75,22242.0,11121.0,21905.0,337.0,104.0,136.0,130.1010451,122.3333333,233.75,367.0,935.0,26883.0
80.0,346.0,935.0,346.0,115.3333333,935.0,233.75,12557.0,6278.5,10316.0,2241.0,104.0,136.0,52.67593763,115.3333333,233.75,346.0,935.0,26883.0
80.0,0.0,0.0,0.0,0.0,0.0,0.0,18.0,18.0,18.0,18.0,64.0,0.0,111111.1111,0.0,0.0,0.0,0.0,225.0
80.0,342.0,935.0,342.0,114.0,935.0,233.75,24229.0,12114.5,23906.0,323.0,104.0,136.0,117.956985,114.0,233.75,342.0,935.0,26883.0
80.0,359.0,935.0,359.0,119.6666667,935.0,233.75,5468.0,2734.0,4751.0,717.0,104.0,136.0,57.98333945,119.6666667,233.75,359.0,935.0,26883.0
80.0,324.0,935.0,324.0,108.0,935.0,233.75,34556.0,17278.0,34221.0,335.0,104.0,136.0,74.38446852,108.0,233.75,324.0,935.0,26883.0
80.0,342.0,935.0,342.0,114.0,935.0,233.75,38294.0,19147.0,38010.0,284.0,104.0,136.0,47.57600266,114.0,233.75,342.0,935.0,26883.0
80.0,350.0,935.0,350.0,116.6666667,935.0,233.75,10232.0,5116.0,9987.0,245.0,104.0,136.0,90.45680687,116.6666667,233.75,350.0,935.0,26883.0
80.0,351.0,935.0,351.0,117.0,935.0,233.75,62777.0,31388.5,62471.0,306.0,104.0,136.0,44.67277195,117.0,233.75,351.0,935.0,26883.0
80.0,298.0,935.0,298.0,99.33333333,935.0,233.75,12594.0,6297.0,12338.0,256.0,104.0,136.0,206.0298056,99.33333333,233.75,298.0,935.0,26883.0
80.0,358.0,935.0,358.0,119.3333333,935.0,233.75,6742.0,3371.0,6462.0,280.0,104.0,136.0,62.51172095,119.3333333,233.75,358.0,935.0,26883.0
80.0,0.0,0.0,0.0,0.0,0.0,0.0,38.0,38.0,38.0,38.0,64.0,0.0,52631.57895,0.0,0.0,0.0,0.0,225.0
80.0,0.0,0.0,0.0,0.0,0.0,0.0,97.0,97.0,97.0,97.0,64.0,0.0,20618.5567,0.0,0.0,0.0,0.0,225.0
80.0,349.0,935.0,349.0,116.3333333,935.0,233.75,12425.0,6212.5,10371.0,2054.0,104.0,136.0,55.77867024,116.3333333,233.75,349.0,935.0,26883.0
80.0,1014.0,935.0,338.0,202.8,935.0,233.75,423141.0,105785.25,203283.0,279.0,168.0,136.0,11.59691893,202.8,233.75,1014.0,935.0,26883.0
80.0,332.0,935.0,332.0,110.6666667,935.0,233.75,28842.0,14421.0,28385.0,457.0,104.0,136.0,100.8742434,110.6666667,233.75,332.0,935.0,26883.0
80.0,330.0,935.0,330.0,110.0,935.0,233.75,2230.0,1115.0,1991.0,239.0,104.0,136.0,263.08866090000004,110.0,233.75,330.0,935.0,26883.0
80.0,366.0,935.0,366.0,122.0,935.0,233.75,1343.0,671.5,910.0,433.0,104.0,136.0,110.5786952,122.0,233.75,366.0,935.0,26883.0
80.0,308.0,935.0,308.0,102.6666667,935.0,233.75,24615.0,12307.5,24325.0,290.0,104.0,136.0,68.86894240000001,102.6666667,233.75,308.0,935.0,26883.0
80.0,290.0,935.0,290.0,96.66666667,935.0,233.75,37421.0,18710.5,37152.0,269.0,104.0,136.0,77.21610213,96.66666667,233.75,290.0,935.0,26883.0
80.0,355.0,935.0,355.0,118.3333333,935.0,233.75,683.0,341.5,430.0,253.0,104.0,136.0,1226.492232,118.3333333,233.75,355.0,935.0,26883.0
80.0,355.0,935.0,355.0,118.3333333,935.0,233.75,19105.0,9552.5,18845.0,260.0,104.0,136.0,153.256705,118.3333333,233.75,355.0,935.0,26883.0
80.0,300.0,935.0,300.0,100.0,935.0,233.75,30749.0,15374.5,30407.0,342.0,104.0,136.0,95.07812252,100.0,233.75,300.0,935.0,26883.0
80.0,327.0,935.0,327.0,109.0,935.0,233.75,83844.0,41922.0,83565.0,279.0,104.0,136.0,34.02054841,109.0,233.75,327.0,935.0,26883.0
80.0,371.0,935.0,371.0,123.6666667,935.0,233.75,23605.0,11802.5,23325.0,280.0,104.0,136.0,124.7660636,123.6666667,233.75,371.0,935.0,26883.0
80.0,347.0,935.0,347.0,115.6666667,935.0,233.75,35049.0,17524.5,34760.0,289.0,104.0,136.0,41.10546292,115.6666667,233.75,347.0,935.0,26883.0
80.0,352.0,935.0,352.0,117.3333333,935.0,233.75,27027.0,13513.5,26591.0,436.0,104.0,136.0,74.77940077,117.3333333,233.75,352.0,935.0,26883.0
80.0,354.0,935.0,354.0,118.0,935.0,233.75,6453.0,3226.5,3761.0,2692.0,104.0,136.0,84.25073017,118.0,233.75,354.0,935.0,26883.0
80.0,416.0,935.0,416.0,138.66666669999998,935.0,233.75,10286.0,5143.0,8925.0,1361.0,104.0,136.0,61.41877367,138.66666669999998,233.75,416.0,935.0,26883.0
80.0,357.0,935.0,357.0,119.0,935.0,233.75,1497.0,748.5,787.0,710.0,104.0,136.0,69.04646827,119.0,233.75,357.0,935.0,26883.0
80.0,0.0,0.0,0.0,0.0,0.0,0.0,113.0,113.0,113.0,113.0,64.0,0.0,17699.11504,0.0,0.0,0.0,0.0,225.0
80.0,354.0,935.0,354.0,118.0,935.0,233.75,6162.0,3081.0,4517.0,1645.0,104.0,136.0,63.64562118,118.0,233.75,354.0,935.0,26883.0
80.0,0.0,0.0,0.0,0.0,0.0,0.0,14.0,14.0,14.0,14.0,64.0,0.0,142857.1429,0.0,0.0,0.0,0.0,225.0
80.0,351.0,935.0,351.0,117.0,935.0,233.75,5989.0,2994.5,4408.0,1581.0,104.0,136.0,59.29791271,117.0,233.75,351.0,935.0,26883.0
80.0,315.0,935.0,315.0,105.0,935.0,233.75,30643.0,15321.5,30295.0,348.0,104.0,136.0,52.4603924,105.0,233.75,315.0,935.0,26883.0
80.0,297.0,935.0,297.0,99.0,935.0,233.75,36145.0,18072.5,35899.0,246.0,104.0,136.0,49.54910316,99.0,233.75,297.0,935.0,26883.0
80.0,284.0,935.0,284.0,94.66666667,935.0,233.75,11224.0,5612.0,8750.0,2474.0,104.0,136.0,55.0438516,94.66666667,233.75,284.0,935.0,26883.0
80.0,299.0,935.0,299.0,99.66666667,935.0,233.75,13791.0,6895.5,8976.0,4815.0,104.0,136.0,53.22735176,99.66666667,233.75,299.0,935.0,26883.0
80.0,349.0,935.0,349.0,116.3333333,935.0,233.75,1634.0,817.0,1357.0,277.0,104.0,136.0,135.0256549,116.3333333,233.75,349.0,935.0,26883.0
80.0,357.0,935.0,357.0,119.0,935.0,233.75,35676.0,17838.0,35367.0,309.0,104.0,136.0,81.30962706,119.0,233.75,357.0,935.0,26883.0
80.0,356.0,935.0,356.0,118.6666667,935.0,233.75,25662.0,12831.0,25365.0,297.0,104.0,136.0,112.8498345,118.6666667,233.75,356.0,935.0,26883.0
80.0,324.0,935.0,324.0,108.0,935.0,233.75,30310.0,15155.0,30018.0,292.0,104.0,136.0,61.89395502,108.0,233.75,324.0,935.0,26883.0
80.0,318.0,935.0,318.0,106.0,935.0,233.75,31147.0,15573.5,30820.0,327.0,104.0,136.0,82.75405495,106.0,233.75,318.0,935.0,26883.0
80.0,347.0,935.0,347.0,115.6666667,935.0,233.75,40971.0,20485.5,40306.0,665.0,104.0,136.0,55.22217723,115.6666667,233.75,347.0,935.0,26883.0
80.0,0.0,0.0,0.0,0.0,0.0,0.0,46.0,46.0,46.0,46.0,64.0,0.0,43478.26087,0.0,0.0,0.0,0.0,225.0
80.0,349.0,935.0,349.0,116.3333333,935.0,233.75,17621.0,8810.5,17291.0,330.0,104.0,136.0,116.1755025,116.3333333,233.75,349.0,935.0,26883.0
80.0,0.0,0.0,0.0,0.0,0.0,0.0,103.0,103.0,103.0,103.0,64.0,0.0,19417.47573,0.0,0.0,0.0,0.0,225.0
80.0,321.0,935.0,321.0,107.0,935.0,233.75,27229.0,13614.5,26908.0,321.0,104.0,136.0,102.9088913,107.0,233.75,321.0,935.0,26883.0
80.0,348.0,935.0,348.0,116.0,935.0,233.75,34825.0,17412.5,34545.0,280.0,104.0,136.0,85.43357540000002,116.0,233.75,348.0,935.0,26883.0
80.0,368.0,935.0,368.0,122.6666667,935.0,233.75,24738.0,12369.0,24439.0,299.0,104.0,136.0,49.07092384,122.6666667,233.75,368.0,935.0,26883.0
80.0,347.0,935.0,347.0,115.6666667,935.0,233.75,26300.0,13150.0,25963.0,337.0,104.0,136.0,86.35578584,115.6666667,233.75,347.0,935.0,26883.0
80.0,355.0,935.0,355.0,118.3333333,935.0,233.75,33259.0,16629.5,32929.0,330.0,104.0,136.0,85.97220232,118.3333333,233.75,355.0,935.0,26883.0
80.0,374.0,935.0,374.0,124.6666667,935.0,233.75,37178.0,18589.0,36846.0,332.0,104.0,136.0,76.1324705,124.6666667,233.75,374.0,935.0,26883.0
80.0,341.0,935.0,341.0,113.6666667,935.0,233.75,7211.0,3605.5,5201.0,2010.0,104.0,136.0,63.73757117,113.6666667,233.75,341.0,935.0,26883.0
80.0,371.0,935.0,371.0,123.6666667,935.0,233.75,4960.0,2480.0,4297.0,663.0,104.0,136.0,60.5828066,123.6666667,233.75,371.0,935.0,26883.0
80.0,369.0,935.0,369.0,123.0,935.0,233.75,24653.0,12326.5,24313.0,340.0,104.0,136.0,109.1464746,123.0,233.75,369.0,935.0,26883.0
80.0,300.0,935.0,300.0,100.0,935.0,233.75,38528.0,19264.0,38240.0,288.0,104.0,136.0,75.06943923,100.0,233.75,300.0,935.0,26883.0
80.0,365.0,935.0,365.0,121.6666667,935.0,233.75,38189.0,19094.5,37880.0,309.0,104.0,136.0,51.02561486,121.6666667,233.75,365.0,935.0,26883.0
80.0,374.0,935.0,374.0,124.6666667,935.0,233.75,28816.0,14408.0,28469.0,347.0,104.0,136.0,101.1736139,124.6666667,233.75,374.0,935.0,26883.0
80.0,372.0,935.0,372.0,124.0,935.0,233.75,33671.0,16835.5,33378.0,293.0,104.0,136.0,85.53832117,124.0,233.75,372.0,935.0,26883.0
80.0,0.0,0.0,0.0,0.0,0.0,0.0,92.0,92.0,92.0,92.0,64.0,0.0,21739.13043,0.0,0.0,0.0,0.0,225.0
80.0,313.0,935.0,313.0,104.3333333,935.0,233.75,46831.0,23415.5,46576.0,255.0,104.0,136.0,39.22594142,104.3333333,233.75,313.0,935.0,26883.0
80.0,0.0,0.0,0.0,0.0,0.0,0.0,83.0,83.0,83.0,83.0,64.0,0.0,24096.38554,0.0,0.0,0.0,0.0,225.0
80.0,364.0,935.0,364.0,121.3333333,935.0,233.75,30303.0,15151.5,30057.0,246.0,104.0,136.0,91.42717825,121.3333333,233.75,364.0,935.0,26883.0
80.0,326.0,935.0,326.0,108.6666667,935.0,233.75,6637.0,3318.5,3992.0,2645.0,104.0,136.0,57.97773655,108.6666667,233.75,326.0,935.0,26883.0
80.0,369.0,935.0,369.0,123.0,935.0,233.75,1071.0,535.5,845.0,226.0,104.0,136.0,689.8137502999998,123.0,233.75,369.0,935.0,26883.0
80.0,347.0,935.0,347.0,115.6666667,935.0,233.75,50252.0,25126.0,49991.0,261.0,104.0,136.0,36.60634754,115.6666667,233.75,347.0,935.0,26883.0
80.0,294.0,935.0,294.0,98.0,935.0,233.75,18107.0,9053.5,17801.0,306.0,104.0,136.0,59.97001499,98.0,233.75,294.0,935.0,26883.0
80.0,0.0,0.0,0.0,0.0,0.0,0.0,38.0,38.0,38.0,38.0,64.0,0.0,52631.57895,0.0,0.0,0.0,0.0,225.0
80.0,332.0,935.0,332.0,110.6666667,935.0,233.75,5941.0,2970.5,3256.0,2685.0,104.0,136.0,61.71696599,110.6666667,233.75,332.0,935.0,26883.0
80.0,368.0,935.0,368.0,122.6666667,935.0,233.75,85423.0,42711.5,85134.0,289.0,104.0,136.0,33.2907951,122.6666667,233.75,368.0,935.0,26883.0
80.0,353.0,935.0,353.0,117.6666667,935.0,233.75,22490.0,11245.0,11720.0,10770.0,104.0,136.0,45.16711834,117.6666667,233.75,353.0,935.0,26883.0
80.0,0.0,0.0,0.0,0.0,0.0,0.0,92.0,92.0,92.0,92.0,64.0,0.0,21739.13043,0.0,0.0,0.0,0.0,225.0
80.0,345.0,935.0,345.0,115.0,935.0,233.75,25906.0,12953.0,25668.0,238.0,104.0,136.0,102.8453891,115.0,233.75,345.0,935.0,26883.0
80.0,373.0,935.0,373.0,124.3333333,935.0,233.75,50920.0,25460.0,50661.0,259.0,104.0,136.0,57.16899154,124.3333333,233.75,373.0,935.0,26883.0
80.0,375.0,935.0,375.0,125.0,935.0,233.75,40511.0,20255.5,40142.0,369.0,104.0,136.0,72.03572972,125.0,233.75,375.0,935.0,26883.0
80.0,359.0,935.0,359.0,119.6666667,935.0,233.75,14772.0,7386.0,14500.0,272.0,104.0,136.0,99.02624195,119.6666667,233.75,359.0,935.0,26883.0
80.0,375.0,935.0,375.0,125.0,935.0,233.75,11017.0,5508.5,8580.0,2437.0,104.0,136.0,89.28305705,125.0,233.75,375.0,935.0,26883.0
80.0,0.0,0.0,0.0,0.0,0.0,0.0,114.0,114.0,114.0,114.0,64.0,0.0,17543.85965,0.0,0.0,0.0,0.0,225.0
80.0,362.0,935.0,362.0,120.6666667,935.0,233.75,5048.0,2524.0,4782.0,266.0,104.0,136.0,233.2452185,120.6666667,233.75,362.0,935.0,26883.0
80.0,373.0,935.0,373.0,124.3333333,935.0,233.75,43419.0,21709.5,43127.0,292.0,104.0,136.0,40.50496186,124.3333333,233.75,373.0,935.0,26883.0
80.0,342.0,935.0,342.0,114.0,935.0,233.75,11521.0,5760.5,10079.0,1442.0,104.0,136.0,60.99296548,114.0,233.75,342.0,935.0,26883.0
80.0,359.0,935.0,359.0,119.6666667,935.0,233.75,62583.0,31291.5,62339.0,244.0,104.0,136.0,31.83158967,119.6666667,233.75,359.0,935.0,26883.0
80.0,345.0,935.0,345.0,115.0,935.0,233.75,9191.0,4595.5,5205.0,3986.0,104.0,136.0,290.4725019,115.0,233.75,345.0,935.0,26883.0
80.0,348.0,935.0,348.0,116.0,935.0,233.75,34220.0,17110.0,33974.0,246.0,104.0,136.0,40.96849523,116.0,233.75,348.0,935.0,26883.0
80.0,361.0,935.0,361.0,120.3333333,935.0,233.75,30329.0,15164.5,30094.0,235.0,104.0,136.0,84.76252366,120.3333333,233.75,361.0,935.0,26883.0
80.0,368.0,935.0,368.0,122.6666667,935.0,233.75,29120.0,14560.0,28864.0,256.0,104.0,136.0,60.91246878,122.6666667,233.75,368.0,935.0,26883.0
80.0,322.0,935.0,322.0,107.3333333,935.0,233.75,6761.0,3380.5,3545.0,3216.0,104.0,136.0,57.10587429,107.3333333,233.75,322.0,935.0,26883.0
80.0,0.0,0.0,0.0,0.0,0.0,0.0,92.0,92.0,92.0,92.0,64.0,0.0,21739.13043,0.0,0.0,0.0,0.0,225.0
80.0,305.0,935.0,305.0,101.6666667,935.0,233.75,41840.0,20920.0,41474.0,366.0,104.0,136.0,69.23769300000001,101.6666667,233.75,305.0,935.0,26883.0
80.0,0.0,0.0,0.0,0.0,0.0,0.0,65.0,65.0,65.0,65.0,64.0,0.0,30769.23077,0.0,0.0,0.0,0.0,225.0
80.0,369.0,935.0,369.0,123.0,935.0,233.75,30622.0,15311.0,30369.0,253.0,104.0,136.0,47.31488053,123.0,233.75,369.0,935.0,26883.0
80.0,349.0,935.0,349.0,116.3333333,935.0,233.75,15354.0,7677.0,15109.0,245.0,104.0,136.0,187.7346683,116.3333333,233.75,349.0,935.0,26883.0
80.0,304.0,935.0,304.0,101.3333333,935.0,233.75,9100.0,4550.0,8798.0,302.0,104.0,136.0,188.9644747,101.3333333,233.75,304.0,935.0,26883.0
80.0,294.0,935.0,294.0,98.0,935.0,233.75,41592.0,20796.0,41286.0,306.0,104.0,136.0,68.37918538,98.0,233.75,294.0,935.0,26883.0
80.0,349.0,935.0,349.0,116.3333333,935.0,233.75,3906.0,1953.0,3653.0,253.0,104.0,136.0,351.8236191000001,116.3333333,233.75,349.0,935.0,26883.0
80.0,310.0,935.0,310.0,103.3333333,935.0,233.75,34866.0,17433.0,34628.0,238.0,104.0,136.0,81.73496077,103.3333333,233.75,310.0,935.0,26883.0
80.0,0.0,0.0,0.0,0.0,0.0,0.0,94.0,94.0,94.0,94.0,64.0,0.0,21276.59574,0.0,0.0,0.0,0.0,225.0
80.0,415.0,935.0,415.0,83.0,935.0,311.6666667,52040.0,13010.0,44665.0,435.0,168.0,104.0,96.07993851,83.0,311.6666667,415.0,935.0,26883.0
80.0,409.0,935.0,409.0,136.33333330000002,935.0,233.75,41166.0,20583.0,40742.0,424.0,104.0,136.0,71.73601148,136.33333330000002,233.75,409.0,935.0,26883.0
80.0,418.0,935.0,418.0,139.33333330000002,935.0,233.75,6843.0,3421.5,6594.0,249.0,104.0,136.0,282.7254736,139.33333330000002,233.75,418.0,935.0,26883.0
80.0,0.0,0.0,0.0,0.0,0.0,0.0,112.0,112.0,112.0,112.0,64.0,0.0,17857.14286,0.0,0.0,0.0,0.0,225.0
80.0,358.0,935.0,358.0,119.3333333,935.0,233.75,30913.0,15456.5,30554.0,359.0,104.0,136.0,90.68649678,119.3333333,233.75,358.0,935.0,26883.0
80.0,405.0,935.0,405.0,135.0,935.0,233.75,12741.0,6370.5,9245.0,3496.0,104.0,136.0,53.3409196,135.0,233.75,405.0,935.0,26883.0
80.0,322.0,935.0,322.0,107.3333333,935.0,233.75,28326.0,14163.0,28072.0,254.0,104.0,136.0,100.7725899,107.3333333,233.75,322.0,935.0,26883.0
80.0,345.0,935.0,345.0,115.0,935.0,233.75,6289.0,3144.5,3374.0,2915.0,104.0,136.0,76.8619815,115.0,233.75,345.0,935.0,26883.0
80.0,369.0,935.0,369.0,123.0,935.0,233.75,7213.0,3606.5,6569.0,644.0,104.0,136.0,275.0022917,123.0,233.75,369.0,935.0,26883.0
80.0,378.0,935.0,378.0,126.0,935.0,233.75,16131.0,8065.5,10440.0,5691.0,104.0,136.0,55.03678292,126.0,233.75,378.0,935.0,26883.0
80.0,339.0,935.0,339.0,113.0,935.0,233.75,25225.0,12612.5,24958.0,267.0,104.0,136.0,89.68877993,113.0,233.75,339.0,935.0,26883.0
80.0,356.0,935.0,356.0,118.6666667,935.0,233.75,3827.0,1913.5,2297.0,1530.0,104.0,136.0,62.06425719,118.6666667,233.75,356.0,935.0,26883.0
80.0,379.0,935.0,379.0,126.3333333,935.0,233.75,5109.0,2554.5,3907.0,1202.0,104.0,136.0,396.8778939,126.3333333,233.75,379.0,935.0,26883.0
80.0,391.0,935.0,391.0,130.3333333,935.0,233.75,23869.0,11934.5,16169.0,7700.0,104.0,136.0,45.37548211,130.3333333,233.75,391.0,935.0,26883.0
80.0,324.0,935.0,324.0,108.0,935.0,233.75,6238.0,3119.0,3697.0,2541.0,104.0,136.0,68.49627837,108.0,233.75,324.0,935.0,26883.0
80.0,0.0,0.0,0.0,0.0,0.0,0.0,27.0,27.0,27.0,27.0,64.0,0.0,74074.07407,0.0,0.0,0.0,0.0,225.0
80.0,0.0,0.0,0.0,0.0,0.0,0.0,21.0,21.0,21.0,21.0,64.0,0.0,95238.09524,0.0,0.0,0.0,0.0,225.0
80.0,307.0,935.0,307.0,102.3333333,935.0,233.75,33298.0,16649.0,32981.0,317.0,104.0,136.0,81.34490239,102.3333333,233.75,307.0,935.0,26883.0
80.0,324.0,935.0,324.0,108.0,935.0,233.75,11736.0,5868.0,11486.0,250.0,104.0,136.0,137.8043179,108.0,233.75,324.0,935.0,26883.0
80.0,357.0,935.0,357.0,119.0,935.0,233.75,21679.0,10839.5,21379.0,300.0,104.0,136.0,118.7930625,119.0,233.75,357.0,935.0,26883.0
80.0,399.0,935.0,399.0,133.0,935.0,233.75,25750.0,12875.0,25474.0,276.0,104.0,136.0,61.64721355,133.0,233.75,399.0,935.0,26883.0
80.0,308.0,935.0,308.0,102.6666667,935.0,233.75,32548.0,16274.0,32299.0,249.0,104.0,136.0,56.41112427,102.6666667,233.75,308.0,935.0,26883.0
80.0,373.0,935.0,373.0,124.3333333,935.0,233.75,20443.0,10221.5,20182.0,261.0,104.0,136.0,85.79272478,124.3333333,233.75,373.0,935.0,26883.0
80.0,299.0,935.0,299.0,99.66666667,935.0,233.75,39260.0,19630.0,38943.0,317.0,104.0,136.0,72.00115202,99.66666667,233.75,299.0,935.0,26883.0
80.0,322.0,935.0,322.0,107.3333333,935.0,233.75,33466.0,16733.0,33180.0,286.0,104.0,136.0,83.84338057,107.3333333,233.75,322.0,935.0,26883.0
80.0,0.0,0.0,0.0,0.0,0.0,0.0,67.0,67.0,67.0,67.0,64.0,0.0,29850.74627,0.0,0.0,0.0,0.0,225.0
80.0,412.0,935.0,412.0,137.33333330000002,935.0,233.75,23093.0,11546.5,22752.0,341.0,104.0,136.0,61.03639804,137.33333330000002,233.75,412.0,935.0,26883.0
80.0,738.0,935.0,369.0,184.5,935.0,233.75,213519.0,71173.0,208930.0,738.0,136.0,136.0,15.53018097,184.5,233.75,738.0,935.0,26883.0
80.0,0.0,0.0,0.0,0.0,0.0,0.0,72.0,72.0,72.0,72.0,64.0,0.0,27777.77778,0.0,0.0,0.0,0.0,225.0
80.0,293.0,935.0,293.0,97.66666667,935.0,233.75,2307.0,1153.5,2040.0,267.0,104.0,136.0,420.16806720000005,97.66666667,233.75,293.0,935.0,26883.0
80.0,307.0,935.0,307.0,102.3333333,935.0,233.75,44041.0,22020.5,43698.0,343.0,104.0,136.0,43.1996544,102.3333333,233.75,307.0,935.0,26883.0
80.0,356.0,935.0,356.0,118.6666667,935.0,233.75,26883.0,13441.5,26469.0,414.0,104.0,136.0,105.4852321,118.6666667,233.75,356.0,935.0,26883.0
80.0,353.0,935.0,353.0,117.6666667,935.0,233.75,7845.0,3922.5,4093.0,3752.0,104.0,136.0,64.40670689,117.6666667,233.75,353.0,935.0,26883.0
80.0,0.0,0.0,0.0,0.0,0.0,0.0,76.0,76.0,76.0,76.0,64.0,0.0,26315.78947,0.0,0.0,0.0,0.0,225.0
80.0,331.0,935.0,331.0,110.3333333,935.0,233.75,953.0,476.5,713.0,240.0,104.0,136.0,1006.036217,110.3333333,233.75,331.0,935.0,26883.0
80.0,664.0,935.0,332.0,110.6666667,935.0,311.6666667,278432.0,55686.4,202341.0,322.0,200.0,104.0,21.54924721,110.6666667,311.6666667,664.0,935.0,26883.0
80.0,367.0,935.0,367.0,122.3333333,935.0,233.75,16954.0,8477.0,16552.0,402.0,104.0,136.0,87.47120739,122.3333333,233.75,367.0,935.0,26883.0
80.0,321.0,935.0,321.0,107.0,935.0,233.75,28985.0,14492.5,28633.0,352.0,104.0,136.0,97.45005685,107.0,233.75,321.0,935.0,26883.0
80.0,304.0,935.0,304.0,101.3333333,935.0,233.75,48006.0,24003.0,47731.0,275.0,104.0,136.0,34.83187813,101.3333333,233.75,304.0,935.0,26883.0
80.0,369.0,935.0,369.0,123.0,935.0,233.75,10299.0,5149.5,9347.0,952.0,104.0,136.0,58.1035017,123.0,233.75,369.0,935.0,26883.0
80.0,358.0,935.0,358.0,119.3333333,935.0,233.75,2885.0,1442.5,2658.0,227.0,104.0,136.0,108.8573606,119.3333333,233.75,358.0,935.0,26883.0
80.0,329.0,935.0,329.0,109.6666667,935.0,233.75,8338.0,4169.0,8067.0,271.0,104.0,136.0,78.14127943,109.6666667,233.75,329.0,935.0,26883.0
80.0,308.0,935.0,308.0,102.6666667,935.0,233.75,32031.0,16015.5,31736.0,295.0,104.0,136.0,83.02200083,102.6666667,233.75,308.0,935.0,26883.0
80.0,391.0,935.0,391.0,130.3333333,935.0,233.75,29494.0,14747.0,29163.0,331.0,104.0,136.0,97.76763891,130.3333333,233.75,391.0,935.0,26883.0
80.0,355.0,935.0,355.0,118.3333333,935.0,233.75,8527.0,4263.5,8243.0,284.0,104.0,136.0,190.5487805,118.3333333,233.75,355.0,935.0,26883.0
80.0,291.0,935.0,291.0,97.0,935.0,233.75,8487.0,4243.5,4963.0,3524.0,104.0,136.0,65.61823312,97.0,233.75,291.0,935.0,26883.0
80.0,361.0,935.0,361.0,120.3333333,935.0,233.75,45191.0,22595.5,44949.0,242.0,104.0,136.0,52.24660397,120.3333333,233.75,361.0,935.0,26883.0
80.0,309.0,935.0,309.0,103.0,935.0,233.75,35480.0,17740.0,35228.0,252.0,104.0,136.0,80.01920461,103.0,233.75,309.0,935.0,26883.0
80.0,672.0,935.0,336.0,168.0,935.0,233.75,213617.0,71205.66667,206830.0,3023.0,136.0,136.0,16.25045197,168.0,233.75,672.0,935.0,26883.0
80.0,0.0,0.0,0.0,0.0,0.0,0.0,17.0,17.0,17.0,17.0,64.0,0.0,117647.0588,0.0,0.0,0.0,0.0,225.0
80.0,367.0,935.0,367.0,122.3333333,935.0,233.75,28591.0,14295.5,28220.0,371.0,104.0,136.0,97.7326036,122.3333333,233.75,367.0,935.0,26883.0
80.0,366.0,935.0,366.0,122.0,935.0,233.75,33200.0,16600.0,32919.0,281.0,104.0,136.0,65.54225291,122.0,233.75,366.0,935.0,26883.0
80.0,0.0,0.0,0.0,0.0,0.0,0.0,107.0,107.0,107.0,107.0,64.0,0.0,18691.58879,0.0,0.0,0.0,0.0,225.0
80.0,362.0,935.0,362.0,120.6666667,935.0,233.75,14289.0,7144.5,10097.0,4192.0,104.0,136.0,57.37344375,120.6666667,233.75,362.0,935.0,26883.0
80.0,319.0,935.0,319.0,106.3333333,935.0,233.75,11637.0,5818.5,8059.0,3578.0,104.0,136.0,53.33997120000001,106.3333333,233.75,319.0,935.0,26883.0
80.0,335.0,935.0,335.0,83.75,935.0,233.75,58472.0,19490.66667,40568.0,2863.0,136.0,136.0,67.99598824,83.75,233.75,335.0,935.0,26883.0
80.0,417.0,935.0,417.0,139.0,935.0,233.75,22988.0,11494.0,22725.0,263.0,104.0,136.0,85.95003438,139.0,233.75,417.0,935.0,26883.0
80.0,0.0,0.0,0.0,0.0,0.0,0.0,40.0,40.0,40.0,40.0,64.0,0.0,50000.0,0.0,0.0,0.0,0.0,225.0
80.0,355.0,935.0,355.0,118.3333333,935.0,233.75,41180.0,20590.0,40879.0,301.0,104.0,136.0,69.74149154,118.3333333,233.75,355.0,935.0,26883.0
80.0,360.0,935.0,360.0,120.0,935.0,233.75,1887.0,943.5,1793.0,94.0,104.0,136.0,132.9139161,120.0,233.75,360.0,935.0,26883.0
80.0,0.0,0.0,0.0,0.0,0.0,0.0,86.0,86.0,86.0,86.0,64.0,0.0,23255.81395,0.0,0.0,0.0,0.0,225.0
80.0,371.0,935.0,371.0,123.6666667,935.0,233.75,11499.0,5749.5,9117.0,2382.0,104.0,136.0,43.57298475,123.6666667,233.75,371.0,935.0,26883.0
80.0,347.0,935.0,347.0,69.4,935.0,311.6666667,38745.0,9686.25,35733.0,293.0,168.0,104.0,129.0489095,69.4,311.6666667,347.0,935.0,26883.0
80.0,378.0,935.0,378.0,126.0,935.0,233.75,54867.0,27433.5,54620.0,247.0,104.0,136.0,51.36458583,126.0,233.75,378.0,935.0,26883.0
80.0,696.0,935.0,348.0,174.0,935.0,233.75,285597.0,95199.0,198102.0,304.0,136.0,136.0,12.76316041,174.0,233.75,696.0,935.0,26883.0
80.0,357.0,935.0,357.0,119.0,935.0,233.75,37981.0,18990.5,37685.0,296.0,104.0,136.0,76.34753397,119.0,233.75,357.0,935.0,26883.0
80.0,371.0,935.0,371.0,123.6666667,935.0,233.75,11498.0,5749.0,8505.0,2993.0,104.0,136.0,66.13173441,123.6666667,233.75,371.0,935.0,26883.0
80.0,0.0,0.0,0.0,0.0,0.0,0.0,66.0,66.0,66.0,66.0,64.0,0.0,30303.0303,0.0,0.0,0.0,0.0,225.0
80.0,344.0,935.0,344.0,114.6666667,935.0,233.75,8042.0,4021.0,7475.0,567.0,104.0,136.0,60.18054162,114.6666667,233.75,344.0,935.0,26883.0
80.0,304.0,935.0,304.0,101.3333333,935.0,233.75,10535.0,5267.5,10253.0,282.0,104.0,136.0,131.3887794,101.3333333,233.75,304.0,935.0,26883.0
80.0,305.0,935.0,305.0,101.6666667,935.0,233.75,13093.0,6546.5,8815.0,4278.0,104.0,136.0,43.4191102,101.6666667,233.75,305.0,935.0,26883.0
80.0,357.0,935.0,357.0,119.0,935.0,233.75,8911.0,4455.5,8644.0,267.0,104.0,136.0,311.6559319,119.0,233.75,357.0,935.0,26883.0
80.0,410.0,935.0,410.0,136.66666669999998,935.0,233.75,6783.0,3391.5,6486.0,297.0,104.0,136.0,236.2204724,136.66666669999998,233.75,410.0,935.0,26883.0
80.0,300.0,935.0,300.0,100.0,935.0,233.75,40560.0,20280.0,40305.0,255.0,104.0,136.0,72.10325186,100.0,233.75,300.0,935.0,26883.0
80.0,327.0,935.0,327.0,109.0,935.0,233.75,29007.0,14503.5,28725.0,282.0,104.0,136.0,99.23260122,109.0,233.75,327.0,935.0,26883.0
80.0,0.0,0.0,0.0,0.0,0.0,0.0,105.0,105.0,105.0,105.0,64.0,0.0,19047.61905,0.0,0.0,0.0,0.0,225.0
80.0,353.0,935.0,353.0,117.6666667,935.0,233.75,14336.0,7168.0,14060.0,276.0,104.0,136.0,173.5006651,117.6666667,233.75,353.0,935.0,26883.0
80.0,0.0,0.0,0.0,0.0,0.0,0.0,111.0,111.0,111.0,111.0,64.0,0.0,18018.01802,0.0,0.0,0.0,0.0,225.0
80.0,302.0,935.0,302.0,100.6666667,935.0,233.75,15130.0,7565.0,14877.0,253.0,104.0,136.0,125.1303441,100.6666667,233.75,302.0,935.0,26883.0
80.0,359.0,935.0,359.0,119.6666667,935.0,233.75,5904.0,2952.0,3978.0,1926.0,104.0,136.0,62.26133156,119.6666667,233.75,359.0,935.0,26883.0
80.0,0.0,0.0,0.0,0.0,0.0,0.0,27.0,27.0,27.0,27.0,64.0,0.0,74074.07407,0.0,0.0,0.0,0.0,225.0
80.0,346.0,935.0,346.0,115.3333333,935.0,233.75,18842.0,9421.0,18384.0,458.0,104.0,136.0,141.4027149,115.3333333,233.75,346.0,935.0,26883.0
80.0,361.0,935.0,361.0,120.3333333,935.0,233.75,52677.0,26338.5,52350.0,327.0,104.0,136.0,38.25310807,120.3333333,233.75,361.0,935.0,26883.0
80.0,316.0,935.0,316.0,105.3333333,935.0,233.75,26393.0,13196.5,26098.0,295.0,104.0,136.0,102.2843505,105.3333333,233.75,316.0,935.0,26883.0
80.0,0.0,0.0,0.0,0.0,0.0,0.0,111.0,111.0,111.0,111.0,64.0,0.0,18018.01802,0.0,0.0,0.0,0.0,225.0
80.0,374.0,935.0,374.0,124.6666667,935.0,233.75,6083.0,3041.5,5390.0,693.0,104.0,136.0,69.0385235,124.6666667,233.75,374.0,935.0,26883.0
80.0,354.0,935.0,354.0,118.0,935.0,233.75,2162.0,1081.0,1868.0,294.0,104.0,136.0,721.8479307,118.0,233.75,354.0,935.0,26883.0
80.0,0.0,0.0,0.0,0.0,0.0,0.0,67.0,67.0,67.0,67.0,64.0,0.0,29850.74627,0.0,0.0,0.0,0.0,225.0
80.0,379.0,935.0,379.0,126.3333333,935.0,233.75,10821.0,5410.5,10569.0,252.0,104.0,136.0,104.558762,126.3333333,233.75,379.0,935.0,26883.0
80.0,321.0,935.0,321.0,107.0,935.0,233.75,34256.0,17128.0,33905.0,351.0,104.0,136.0,83.5375362,107.0,233.75,321.0,935.0,26883.0
80.0,333.0,935.0,333.0,111.0,935.0,233.75,21843.0,10921.5,11438.0,10405.0,104.0,136.0,45.25501199,111.0,233.75,333.0,935.0,26883.0
80.0,367.0,935.0,367.0,122.3333333,935.0,233.75,36336.0,18168.0,36070.0,266.0,104.0,136.0,80.29548739,122.3333333,233.75,367.0,935.0,26883.0
80.0,319.0,935.0,319.0,106.3333333,935.0,233.75,8080.0,4040.0,7786.0,294.0,104.0,136.0,131.3370108,106.3333333,233.75,319.0,935.0,26883.0
80.0,332.0,935.0,332.0,110.6666667,935.0,233.75,6927.0,3463.5,6595.0,332.0,104.0,136.0,139.3598736,110.6666667,233.75,332.0,935.0,26883.0
80.0,298.0,935.0,298.0,99.33333333,935.0,233.75,6568.0,3284.0,6242.0,326.0,104.0,136.0,211.20811040000004,99.33333333,233.75,298.0,935.0,26883.0
80.0,347.0,935.0,347.0,115.6666667,935.0,233.75,1877.0,938.5,1097.0,780.0,104.0,136.0,69.45891505,115.6666667,233.75,347.0,935.0,26883.0
80.0,363.0,935.0,363.0,121.0,935.0,233.75,6302.0,3151.0,5255.0,1047.0,104.0,136.0,74.69189593,121.0,233.75,363.0,935.0,26883.0
80.0,367.0,935.0,367.0,122.3333333,935.0,233.75,30593.0,15296.5,30313.0,280.0,104.0,136.0,94.37523594,122.3333333,233.75,367.0,935.0,26883.0
80.0,364.0,935.0,364.0,121.3333333,935.0,233.75,21627.0,10813.5,21366.0,261.0,104.0,136.0,80.40524242,121.3333333,233.75,364.0,935.0,26883.0
80.0,398.0,935.0,398.0,132.6666667,935.0,233.75,18902.0,9451.0,18255.0,647.0,104.0,136.0,108.112004,132.6666667,233.75,398.0,935.0,26883.0
80.0,362.0,935.0,362.0,120.6666667,935.0,233.75,11695.0,5847.5,11394.0,301.0,104.0,136.0,102.2250997,120.6666667,233.75,362.0,935.0,26883.0
80.0,298.0,935.0,298.0,99.33333333,935.0,233.75,7007.0,3503.5,3559.0,3448.0,104.0,136.0,60.77549532,99.33333333,233.75,298.0,935.0,26883.0
80.0,329.0,935.0,329.0,109.6666667,935.0,233.75,25377.0,12688.5,25114.0,263.0,104.0,136.0,47.59260728,109.6666667,233.75,329.0,935.0,26883.0
80.0,0.0,0.0,0.0,0.0,0.0,0.0,12.0,12.0,12.0,12.0,64.0,0.0,166666.6667,0.0,0.0,0.0,0.0,225.0
80.0,0.0,0.0,0.0,0.0,0.0,0.0,76.0,76.0,76.0,76.0,64.0,0.0,26315.78947,0.0,0.0,0.0,0.0,225.0
80.0,371.0,935.0,371.0,123.6666667,935.0,233.75,11296.0,5648.0,9600.0,1696.0,104.0,136.0,55.92632639,123.6666667,233.75,371.0,935.0,26883.0
80.0,0.0,0.0,0.0,0.0,0.0,0.0,86.0,86.0,86.0,86.0,64.0,0.0,23255.81395,0.0,0.0,0.0,0.0,225.0
80.0,326.0,935.0,326.0,108.6666667,935.0,233.75,28293.0,14146.5,28012.0,281.0,104.0,136.0,102.8030978,108.6666667,233.75,326.0,935.0,26883.0
80.0,327.0,935.0,327.0,109.0,935.0,233.75,4816.0,2408.0,4568.0,248.0,104.0,136.0,253.121836,109.0,233.75,327.0,935.0,26883.0
80.0,315.0,935.0,315.0,105.0,935.0,233.75,40433.0,20216.5,40191.0,242.0,104.0,136.0,72.47252084,105.0,233.75,315.0,935.0,26883.0
80.0,376.0,935.0,376.0,125.3333333,935.0,233.75,53129.0,26564.5,52870.0,259.0,104.0,136.0,38.61600247,125.3333333,233.75,376.0,935.0,26883.0
80.0,352.0,935.0,352.0,117.3333333,935.0,233.75,5914.0,2957.0,5079.0,835.0,104.0,136.0,57.28470498,117.3333333,233.75,352.0,935.0,26883.0
80.0,377.0,935.0,377.0,125.6666667,935.0,233.75,31580.0,15790.0,31290.0,290.0,104.0,136.0,91.83860895,125.6666667,233.75,377.0,935.0,26883.0
80.0,326.0,935.0,326.0,108.6666667,935.0,233.75,41795.0,20897.5,41524.0,271.0,104.0,136.0,63.79720994,108.6666667,233.75,326.0,935.0,26883.0
80.0,0.0,0.0,0.0,0.0,0.0,0.0,116.0,116.0,116.0,116.0,64.0,0.0,17241.37931,0.0,0.0,0.0,0.0,225.0
80.0,351.0,935.0,351.0,117.0,935.0,233.75,9243.0,4621.5,8933.0,310.0,104.0,136.0,187.5703389,117.0,233.75,351.0,935.0,26883.0
80.0,327.0,935.0,327.0,109.0,935.0,233.75,25228.0,12614.0,24957.0,271.0,104.0,136.0,66.80472977,109.0,233.75,327.0,935.0,26883.0
80.0,412.0,935.0,412.0,137.33333330000002,935.0,233.75,27133.0,13566.5,26776.0,357.0,104.0,136.0,52.24296461,137.33333330000002,233.75,412.0,935.0,26883.0
80.0,363.0,935.0,363.0,121.0,935.0,233.75,32564.0,16282.0,32168.0,396.0,104.0,136.0,86.10050799,121.0,233.75,363.0,935.0,26883.0
80.0,0.0,0.0,0.0,0.0,0.0,0.0,91.0,91.0,91.0,91.0,64.0,0.0,21978.02198,0.0,0.0,0.0,0.0,225.0
80.0,377.0,935.0,377.0,125.6666667,935.0,233.75,45037.0,22518.5,44723.0,314.0,104.0,136.0,38.97217387,125.6666667,233.75,377.0,935.0,26883.0
80.0,333.0,935.0,333.0,111.0,935.0,233.75,12554.0,6277.0,11312.0,1242.0,104.0,136.0,59.393003500000006,111.0,233.75,333.0,935.0,26883.0
80.0,309.0,935.0,309.0,103.0,935.0,233.75,22044.0,11022.0,21783.0,261.0,104.0,136.0,88.24567596,103.0,233.75,309.0,935.0,26883.0
80.0,369.0,935.0,369.0,123.0,935.0,233.75,39079.0,19539.5,38827.0,252.0,104.0,136.0,74.54897868,123.0,233.75,369.0,935.0,26883.0
80.0,322.0,935.0,322.0,107.3333333,935.0,233.75,30643.0,15321.5,30323.0,320.0,104.0,136.0,57.91617599,107.3333333,233.75,322.0,935.0,26883.0
80.0,0.0,0.0,0.0,0.0,0.0,0.0,65.0,65.0,65.0,65.0,64.0,0.0,30769.23077,0.0,0.0,0.0,0.0,225.0
80.0,328.0,935.0,328.0,109.3333333,935.0,233.75,26647.0,13323.5,26337.0,310.0,104.0,136.0,54.04139571,109.3333333,233.75,328.0,935.0,26883.0
80.0,339.0,935.0,339.0,113.0,935.0,233.75,3813.0,1906.5,2824.0,989.0,104.0,136.0,198.3602222,113.0,233.75,339.0,935.0,26883.0
80.0,331.0,935.0,331.0,110.3333333,935.0,233.75,10052.0,5026.0,7723.0,2329.0,104.0,136.0,73.50238883,110.3333333,233.75,331.0,935.0,26883.0
80.0,375.0,935.0,375.0,93.75,935.0,233.75,92058.0,30686.0,55741.0,485.0,136.0,136.0,43.16857328,93.75,233.75,375.0,935.0,26883.0
80.0,0.0,0.0,0.0,0.0,0.0,0.0,35.0,35.0,35.0,35.0,64.0,0.0,57142.85714,0.0,0.0,0.0,0.0,225.0
80.0,0.0,0.0,0.0,0.0,0.0,0.0,93.0,93.0,93.0,93.0,64.0,0.0,21505.37634,0.0,0.0,0.0,0.0,225.0
80.0,308.0,935.0,308.0,102.6666667,935.0,233.75,5873.0,2936.5,5606.0,267.0,104.0,136.0,339.673913,102.6666667,233.75,308.0,935.0,26883.0
80.0,320.0,935.0,320.0,106.6666667,935.0,233.75,46879.0,23439.5,46400.0,479.0,104.0,136.0,49.56547599,106.6666667,233.75,320.0,935.0,26883.0
80.0,303.0,935.0,303.0,101.0,935.0,233.75,54211.0,27105.5,53873.0,338.0,104.0,136.0,29.77135599,101.0,233.75,303.0,935.0,26883.0
80.0,361.0,935.0,361.0,120.3333333,935.0,233.75,12498.0,6249.0,9210.0,3288.0,104.0,136.0,52.97358384,120.3333333,233.75,361.0,935.0,26883.0
80.0,354.0,935.0,354.0,118.0,935.0,233.75,38463.0,19231.5,38181.0,282.0,104.0,136.0,39.58723707,118.0,233.75,354.0,935.0,26883.0
80.0,346.0,935.0,346.0,115.3333333,935.0,233.75,15084.0,7542.0,12037.0,3047.0,104.0,136.0,52.71110799,115.3333333,233.75,346.0,935.0,26883.0
80.0,348.0,935.0,348.0,69.6,935.0,311.6666667,34316.0,8579.0,30631.0,243.0,168.0,104.0,145.70462759999995,69.6,311.6666667,348.0,935.0,26883.0
80.0,0.0,0.0,0.0,0.0,0.0,0.0,17.0,17.0,17.0,17.0,64.0,0.0,117647.0588,0.0,0.0,0.0,0.0,225.0
80.0,358.0,935.0,358.0,119.3333333,935.0,233.75,10245.0,5122.5,6792.0,3453.0,104.0,136.0,57.26939524,119.3333333,233.75,358.0,935.0,26883.0
80.0,310.0,935.0,310.0,103.3333333,935.0,233.75,3292.0,1646.0,2977.0,315.0,104.0,136.0,448.4304933,103.3333333,233.75,310.0,935.0,26883.0
80.0,331.0,935.0,331.0,110.3333333,935.0,233.75,12410.0,6205.0,10849.0,1561.0,104.0,136.0,61.47540984,110.3333333,233.75,331.0,935.0,26883.0
80.0,343.0,935.0,343.0,114.3333333,935.0,233.75,22272.0,11136.0,21916.0,356.0,104.0,136.0,82.21430529,114.3333333,233.75,343.0,935.0,26883.0
80.0,347.0,935.0,347.0,115.6666667,935.0,233.75,18728.0,9364.0,17572.0,1156.0,104.0,136.0,62.68282491,115.6666667,233.75,347.0,935.0,26883.0
80.0,318.0,935.0,318.0,106.0,935.0,233.75,9470.0,4735.0,6977.0,2493.0,104.0,136.0,84.89204562,106.0,233.75,318.0,935.0,26883.0
80.0,356.0,935.0,356.0,118.6666667,935.0,233.75,38008.0,19004.0,37711.0,297.0,104.0,136.0,78.30036018,118.6666667,233.75,356.0,935.0,26883.0
80.0,352.0,935.0,352.0,117.3333333,935.0,233.75,11913.0,5956.5,8972.0,2941.0,104.0,136.0,57.68787016,117.3333333,233.75,352.0,935.0,26883.0
80.0,322.0,935.0,322.0,107.3333333,935.0,233.75,12808.0,6404.0,12177.0,631.0,104.0,136.0,201.4910336,107.3333333,233.75,322.0,935.0,26883.0
80.0,294.0,935.0,294.0,98.0,935.0,233.75,1582.0,791.0,1312.0,270.0,104.0,136.0,771.4065312000001,98.0,233.75,294.0,935.0,26883.0
80.0,0.0,0.0,0.0,0.0,0.0,0.0,100.0,100.0,100.0,100.0,64.0,0.0,20000.0,0.0,0.0,0.0,0.0,225.0
80.0,0.0,0.0,0.0,0.0,0.0,0.0,115.0,115.0,115.0,115.0,64.0,0.0,17391.30435,0.0,0.0,0.0,0.0,225.0
80.0,376.0,935.0,376.0,125.3333333,935.0,233.75,18403.0,9201.5,18153.0,250.0,104.0,136.0,80.49801438,125.3333333,233.75,376.0,935.0,26883.0
80.0,319.0,935.0,319.0,106.3333333,935.0,233.75,26563.0,13281.5,26300.0,263.0,104.0,136.0,106.02205259999998,106.3333333,233.75,319.0,935.0,26883.0
80.0,315.0,935.0,315.0,105.0,935.0,233.75,27576.0,13788.0,27240.0,336.0,104.0,136.0,63.30983835,105.0,233.75,315.0,935.0,26883.0
80.0,368.0,935.0,368.0,122.6666667,935.0,233.75,4322.0,2161.0,2248.0,2074.0,104.0,136.0,64.09160827,122.6666667,233.75,368.0,935.0,26883.0
80.0,322.0,935.0,322.0,107.3333333,935.0,233.75,49309.0,24654.5,49013.0,296.0,104.0,136.0,37.29534181,107.3333333,233.75,322.0,935.0,26883.0
80.0,367.0,935.0,367.0,122.3333333,935.0,233.75,12257.0,6128.5,11981.0,276.0,104.0,136.0,212.9018522,122.3333333,233.75,367.0,935.0,26883.0
80.0,359.0,935.0,359.0,119.6666667,935.0,233.75,13132.0,6566.0,8505.0,4627.0,104.0,136.0,43.16298343,119.6666667,233.75,359.0,935.0,26883.0
80.0,0.0,0.0,0.0,0.0,0.0,0.0,39.0,39.0,39.0,39.0,64.0,0.0,51282.05128,0.0,0.0,0.0,0.0,225.0
80.0,0.0,0.0,0.0,0.0,0.0,0.0,92.0,92.0,92.0,92.0,64.0,0.0,21739.13043,0.0,0.0,0.0,0.0,225.0
80.0,335.0,935.0,335.0,111.6666667,935.0,233.75,4236.0,2118.0,2579.0,1657.0,104.0,136.0,61.52205566,111.6666667,233.75,335.0,935.0,26883.0
80.0,330.0,935.0,330.0,110.0,935.0,233.75,27294.0,13647.0,26937.0,357.0,104.0,136.0,88.87045649999997,110.0,233.75,330.0,935.0,26883.0
80.0,375.0,935.0,375.0,125.0,935.0,233.75,21972.0,10986.0,21699.0,273.0,104.0,136.0,117.3341677,125.0,233.75,375.0,935.0,26883.0
80.0,365.0,935.0,365.0,121.6666667,935.0,233.75,15873.0,7936.5,15415.0,458.0,104.0,136.0,92.23106957,121.6666667,233.75,365.0,935.0,26883.0
80.0,349.0,935.0,349.0,116.3333333,935.0,233.75,26180.0,13090.0,25905.0,275.0,104.0,136.0,109.8096633,116.3333333,233.75,349.0,935.0,26883.0
80.0,368.0,935.0,368.0,122.6666667,935.0,233.75,11972.0,5986.0,11691.0,281.0,104.0,136.0,98.63229879,122.6666667,233.75,368.0,935.0,26883.0
80.0,341.0,935.0,341.0,113.6666667,935.0,233.75,35658.0,17829.0,35362.0,296.0,104.0,136.0,42.89574903,113.6666667,233.75,341.0,935.0,26883.0
80.0,356.0,935.0,356.0,118.6666667,935.0,233.75,17409.0,8704.5,17117.0,292.0,104.0,136.0,55.51135207,118.6666667,233.75,356.0,935.0,26883.0
80.0,0.0,0.0,0.0,0.0,0.0,0.0,85.0,85.0,85.0,85.0,64.0,0.0,23529.41176,0.0,0.0,0.0,0.0,225.0
80.0,361.0,935.0,361.0,120.3333333,935.0,233.75,32828.0,16414.0,32561.0,267.0,104.0,136.0,89.35485793,120.3333333,233.75,361.0,935.0,26883.0
80.0,320.0,935.0,320.0,106.6666667,935.0,233.75,5861.0,2930.5,5606.0,255.0,104.0,136.0,207.7418461,106.6666667,233.75,320.0,935.0,26883.0
80.0,0.0,0.0,0.0,0.0,0.0,0.0,66.0,66.0,66.0,66.0,64.0,0.0,30303.0303,0.0,0.0,0.0,0.0,225.0
80.0,358.0,935.0,358.0,119.3333333,935.0,233.75,11517.0,5758.5,10527.0,990.0,104.0,136.0,57.26065048,119.3333333,233.75,358.0,935.0,26883.0
80.0,346.0,935.0,346.0,115.3333333,935.0,233.75,23119.0,11559.5,22871.0,248.0,104.0,136.0,90.00090001,115.3333333,233.75,346.0,935.0,26883.0
80.0,369.0,935.0,369.0,123.0,935.0,233.75,8874.0,4437.0,4868.0,4006.0,104.0,136.0,77.27577147,123.0,233.75,369.0,935.0,26883.0
80.0,357.0,935.0,357.0,119.0,935.0,233.75,37439.0,18719.5,37088.0,351.0,104.0,136.0,78.46214202,119.0,233.75,357.0,935.0,26883.0
80.0,349.0,935.0,349.0,116.3333333,935.0,233.75,7458.0,3729.0,6074.0,1384.0,104.0,136.0,60.74350045,116.3333333,233.75,349.0,935.0,26883.0
80.0,0.0,0.0,0.0,0.0,0.0,0.0,44.0,44.0,44.0,44.0,64.0,0.0,45454.54545,0.0,0.0,0.0,0.0,225.0
80.0,0.0,0.0,0.0,0.0,0.0,0.0,85.0,85.0,85.0,85.0,64.0,0.0,23529.41176,0.0,0.0,0.0,0.0,225.0
80.0,301.0,935.0,301.0,100.3333333,935.0,233.75,31009.0,15504.5,30758.0,251.0,104.0,136.0,93.45503255,100.3333333,233.75,301.0,935.0,26883.0
80.0,417.0,935.0,417.0,139.0,935.0,233.75,26402.0,13201.0,22744.0,3658.0,104.0,136.0,71.49495961,139.0,233.75,417.0,935.0,26883.0
80.0,291.0,935.0,291.0,97.0,935.0,233.75,14726.0,7363.0,14445.0,281.0,104.0,136.0,57.0114593,97.0,233.75,291.0,935.0,26883.0
80.0,0.0,0.0,0.0,0.0,0.0,0.0,97.0,97.0,97.0,97.0,64.0,0.0,20618.5567,0.0,0.0,0.0,0.0,225.0
80.0,317.0,935.0,317.0,105.6666667,935.0,233.75,1518.0,759.0,874.0,644.0,104.0,136.0,71.74973692,105.6666667,233.75,317.0,935.0,26883.0
80.0,338.0,935.0,338.0,112.6666667,935.0,233.75,6699.0,3349.5,6435.0,264.0,104.0,136.0,105.2299274,112.6666667,233.75,338.0,935.0,26883.0
80.0,0.0,0.0,0.0,0.0,0.0,0.0,73.0,73.0,73.0,73.0,64.0,0.0,27397.26027,0.0,0.0,0.0,0.0,225.0
80.0,296.0,935.0,296.0,98.66666667,935.0,233.75,50020.0,25010.0,49745.0,275.0,104.0,136.0,42.78135874,98.66666667,233.75,296.0,935.0,26883.0
80.0,320.0,935.0,320.0,106.6666667,935.0,233.75,29318.0,14659.0,29003.0,315.0,104.0,136.0,101.1395051,106.6666667,233.75,320.0,935.0,26883.0
80.0,0.0,0.0,0.0,0.0,0.0,0.0,117.0,117.0,117.0,117.0,64.0,0.0,17094.01709,0.0,0.0,0.0,0.0,225.0
80.0,376.0,935.0,376.0,125.3333333,935.0,233.75,11569.0,5784.5,8594.0,2975.0,104.0,136.0,54.90382679999999,125.3333333,233.75,376.0,935.0,26883.0
80.0,360.0,935.0,360.0,120.0,935.0,233.75,9511.0,4755.5,9169.0,342.0,104.0,136.0,297.3535534,120.0,233.75,360.0,935.0,26883.0
80.0,365.0,935.0,365.0,121.6666667,935.0,233.75,4883.0,2441.5,4587.0,296.0,104.0,136.0,208.7537402,121.6666667,233.75,365.0,935.0,26883.0
80.0,0.0,0.0,0.0,0.0,0.0,0.0,91.0,91.0,91.0,91.0,64.0,0.0,21978.02198,0.0,0.0,0.0,0.0,225.0
80.0,339.0,935.0,339.0,113.0,935.0,233.75,7076.0,3538.0,5017.0,2059.0,104.0,136.0,77.89982083,113.0,233.75,339.0,935.0,26883.0
80.0,0.0,0.0,0.0,0.0,0.0,0.0,32.0,32.0,32.0,32.0,64.0,0.0,62500.0,0.0,0.0,0.0,0.0,225.0
80.0,370.0,935.0,370.0,123.3333333,935.0,233.75,11368.0,5684.0,11098.0,270.0,104.0,136.0,93.17348904,123.3333333,233.75,370.0,935.0,26883.0
80.0,288.0,935.0,288.0,96.0,935.0,233.75,14577.0,7288.5,14313.0,264.0,104.0,136.0,85.46278096,96.0,233.75,288.0,935.0,26883.0
80.0,353.0,935.0,353.0,117.6666667,935.0,233.75,10198.0,5099.0,6225.0,3973.0,104.0,136.0,63.05037725,117.6666667,233.75,353.0,935.0,26883.0
80.0,0.0,0.0,0.0,0.0,0.0,0.0,106.0,106.0,106.0,106.0,64.0,0.0,18867.92453,0.0,0.0,0.0,0.0,225.0
80.0,326.0,935.0,326.0,108.6666667,935.0,233.75,11145.0,5572.5,9887.0,1258.0,104.0,136.0,61.74618203,108.6666667,233.75,326.0,935.0,26883.0
80.0,377.0,935.0,377.0,125.6666667,935.0,233.75,36424.0,18212.0,36123.0,301.0,104.0,136.0,75.38256653,125.6666667,233.75,377.0,935.0,26883.0
80.0,346.0,935.0,346.0,115.3333333,935.0,233.75,18199.0,9099.5,17942.0,257.0,104.0,136.0,145.5251031,115.3333333,233.75,346.0,935.0,26883.0
80.0,322.0,935.0,322.0,107.3333333,935.0,233.75,4758.0,2379.0,4493.0,265.0,104.0,136.0,310.0134339,107.3333333,233.75,322.0,935.0,26883.0
80.0,320.0,935.0,320.0,106.6666667,935.0,233.75,16017.0,8008.5,15759.0,258.0,104.0,136.0,79.87433105,106.6666667,233.75,320.0,935.0,26883.0
80.0,383.0,935.0,383.0,127.6666667,935.0,233.75,10129.0,5064.5,7596.0,2533.0,104.0,136.0,73.32811889,127.6666667,233.75,383.0,935.0,26883.0
80.0,368.0,935.0,368.0,122.6666667,935.0,233.75,45010.0,22505.0,44721.0,289.0,104.0,136.0,54.81153966,122.6666667,233.75,368.0,935.0,26883.0
80.0,394.0,935.0,394.0,131.3333333,935.0,233.75,6076.0,3038.0,3528.0,2548.0,104.0,136.0,85.48226243,131.3333333,233.75,394.0,935.0,26883.0
80.0,0.0,0.0,0.0,0.0,0.0,0.0,90.0,90.0,90.0,90.0,64.0,0.0,22222.22222,0.0,0.0,0.0,0.0,225.0
80.0,359.0,935.0,359.0,119.6666667,935.0,233.75,20850.0,10425.0,20516.0,334.0,104.0,136.0,83.63301832,119.6666667,233.75,359.0,935.0,26883.0
80.0,346.0,935.0,346.0,115.3333333,935.0,233.75,10611.0,5305.5,7360.0,3251.0,104.0,136.0,58.44535359,115.3333333,233.75,346.0,935.0,26883.0
80.0,339.0,935.0,339.0,84.75,935.0,233.75,47524.0,15841.33333,41632.0,275.0,136.0,136.0,84.02125738,84.75,233.75,339.0,935.0,26883.0
80.0,394.0,935.0,394.0,131.3333333,935.0,233.75,27354.0,13677.0,27080.0,274.0,104.0,136.0,98.97723524,131.3333333,233.75,394.0,935.0,26883.0
80.0,400.0,935.0,400.0,133.3333333,935.0,233.75,7334.0,3667.0,4325.0,3009.0,104.0,136.0,390.5233012,133.3333333,233.75,400.0,935.0,26883.0
80.0,395.0,935.0,395.0,131.6666667,935.0,233.75,30197.0,15098.5,29877.0,320.0,104.0,136.0,44.26149692,131.6666667,233.75,395.0,935.0,26883.0
80.0,395.0,935.0,395.0,131.6666667,935.0,233.75,14174.0,7087.0,13876.0,298.0,104.0,136.0,126.8498943,131.6666667,233.75,395.0,935.0,26883.0
80.0,344.0,935.0,344.0,114.6666667,935.0,233.75,3741.0,1870.5,3490.0,251.0,104.0,136.0,281.4258912,114.6666667,233.75,344.0,935.0,26883.0
80.0,346.0,935.0,346.0,115.3333333,935.0,233.75,28671.0,14335.5,27325.0,1346.0,104.0,136.0,64.97585064,115.3333333,233.75,346.0,935.0,26883.0
80.0,401.0,935.0,401.0,133.6666667,935.0,233.75,19178.0,9589.0,18673.0,505.0,104.0,136.0,108.7508156,133.6666667,233.75,401.0,935.0,26883.0
80.0,0.0,0.0,0.0,0.0,0.0,0.0,76.0,76.0,76.0,76.0,64.0,0.0,26315.78947,0.0,0.0,0.0,0.0,225.0
80.0,365.0,935.0,365.0,121.6666667,935.0,233.75,49072.0,24536.0,48605.0,467.0,104.0,136.0,35.63918885,121.6666667,233.75,365.0,935.0,26883.0
80.0,346.0,935.0,346.0,115.3333333,935.0,233.75,15861.0,7930.5,15567.0,294.0,104.0,136.0,58.0439199,115.3333333,233.75,346.0,935.0,26883.0
80.0,349.0,935.0,349.0,116.3333333,935.0,233.75,20279.0,10139.5,20030.0,249.0,104.0,136.0,139.2046773,116.3333333,233.75,349.0,935.0,26883.0
80.0,413.0,935.0,413.0,137.66666669999998,935.0,233.75,23134.0,11567.0,22846.0,288.0,104.0,136.0,122.0057749,137.66666669999998,233.75,413.0,935.0,26883.0
80.0,292.0,935.0,292.0,97.33333333,935.0,233.75,32848.0,16424.0,32575.0,273.0,104.0,136.0,87.89920891,97.33333333,233.75,292.0,935.0,26883.0
80.0,306.0,935.0,306.0,102.0,935.0,233.75,26972.0,13486.0,26674.0,298.0,104.0,136.0,89.51750067,102.0,233.75,306.0,935.0,26883.0
80.0,355.0,935.0,355.0,118.3333333,935.0,233.75,40764.0,20382.0,40458.0,306.0,104.0,136.0,72.31703789,118.3333333,233.75,355.0,935.0,26883.0
80.0,0.0,0.0,0.0,0.0,0.0,0.0,17.0,17.0,17.0,17.0,64.0,0.0,117647.0588,0.0,0.0,0.0,0.0,225.0
80.0,351.0,935.0,351.0,117.0,935.0,233.75,10322.0,5161.0,6019.0,4303.0,104.0,136.0,56.6390394,117.0,233.75,351.0,935.0,26883.0
80.0,412.0,935.0,412.0,137.33333330000002,935.0,233.75,5319.0,2659.5,5037.0,282.0,104.0,136.0,133.1735251,137.33333330000002,233.75,412.0,935.0,26883.0
80.0,303.0,935.0,303.0,101.0,935.0,233.75,23947.0,11973.5,23566.0,381.0,104.0,136.0,79.69397514,101.0,233.75,303.0,935.0,26883.0
80.0,0.0,0.0,0.0,0.0,0.0,0.0,91.0,91.0,91.0,91.0,64.0,0.0,21978.02198,0.0,0.0,0.0,0.0,225.0
80.0,342.0,935.0,342.0,114.0,935.0,233.75,22569.0,11284.5,22296.0,273.0,104.0,136.0,85.27572484,114.0,233.75,342.0,935.0,26883.0
80.0,371.0,935.0,371.0,123.6666667,935.0,233.75,1665.0,832.5,1123.0,542.0,104.0,136.0,88.15232722,123.6666667,233.75,371.0,935.0,26883.0
80.0,352.0,935.0,352.0,117.3333333,935.0,233.75,11660.0,5830.0,11409.0,251.0,104.0,136.0,113.2460081,117.3333333,233.75,352.0,935.0,26883.0
80.0,317.0,935.0,317.0,105.6666667,935.0,233.75,45100.0,22550.0,44815.0,285.0,104.0,136.0,60.63791082,105.6666667,233.75,317.0,935.0,26883.0
80.0,353.0,935.0,353.0,117.6666667,935.0,233.75,12579.0,6289.5,12151.0,428.0,104.0,136.0,71.58708569,117.6666667,233.75,353.0,935.0,26883.0
80.0,322.0,935.0,322.0,107.3333333,935.0,233.75,13405.0,6702.5,13142.0,263.0,104.0,136.0,133.3451862,107.3333333,233.75,322.0,935.0,26883.0
80.0,320.0,935.0,320.0,106.6666667,935.0,233.75,9735.0,4867.5,7067.0,2668.0,104.0,136.0,60.15158199,106.6666667,233.75,320.0,935.0,26883.0
80.0,313.0,935.0,313.0,104.3333333,935.0,233.75,30819.0,15409.5,30468.0,351.0,104.0,136.0,94.61036299,104.3333333,233.75,313.0,935.0,26883.0
80.0,374.0,935.0,374.0,124.6666667,935.0,233.75,31008.0,15504.0,30607.0,401.0,104.0,136.0,90.61801486,124.6666667,233.75,374.0,935.0,26883.0
80.0,406.0,935.0,406.0,135.33333330000002,935.0,233.75,12637.0,6318.5,9984.0,2653.0,104.0,136.0,51.79647439,135.33333330000002,233.75,406.0,935.0,26883.0
80.0,284.0,935.0,284.0,94.66666667,935.0,233.75,11884.0,5942.0,11129.0,755.0,104.0,136.0,58.3600817,94.66666667,233.75,284.0,935.0,26883.0
80.0,397.0,935.0,397.0,132.3333333,935.0,233.75,27591.0,13795.5,27264.0,327.0,104.0,136.0,105.5260473,132.3333333,233.75,397.0,935.0,26883.0
80.0,392.0,935.0,392.0,130.6666667,935.0,233.75,28594.0,14297.0,28197.0,397.0,104.0,136.0,97.46272051,130.6666667,233.75,392.0,935.0,26883.0
80.0,318.0,935.0,318.0,106.0,935.0,233.75,32952.0,16476.0,32651.0,301.0,104.0,136.0,84.48086508,106.0,233.75,318.0,935.0,26883.0
80.0,365.0,935.0,365.0,121.6666667,935.0,233.75,38937.0,19468.5,38590.0,347.0,104.0,136.0,75.96282886,121.6666667,233.75,365.0,935.0,26883.0
80.0,380.0,935.0,380.0,126.6666667,935.0,233.75,3690.0,1845.0,3428.0,262.0,104.0,136.0,239.7889857,126.6666667,233.75,380.0,935.0,26883.0
80.0,318.0,935.0,318.0,106.0,935.0,233.75,7301.0,3650.5,6430.0,871.0,104.0,136.0,65.70877869,106.0,233.75,318.0,935.0,26883.0
80.0,365.0,935.0,365.0,121.6666667,935.0,233.75,17592.0,8796.0,17311.0,281.0,104.0,136.0,64.52723049,121.6666667,233.75,365.0,935.0,26883.0
80.0,341.0,935.0,341.0,113.6666667,935.0,233.75,23886.0,11943.0,23644.0,242.0,104.0,136.0,63.70238247,113.6666667,233.75,341.0,935.0,26883.0
80.0,350.0,935.0,350.0,116.6666667,935.0,233.75,35642.0,17821.0,35395.0,247.0,104.0,136.0,80.59966148,116.6666667,233.75,350.0,935.0,26883.0
80.0,311.0,935.0,311.0,103.6666667,935.0,233.75,27868.0,13934.0,27595.0,273.0,104.0,136.0,61.03763988,103.6666667,233.75,311.0,935.0,26883.0
80.0,361.0,935.0,361.0,120.3333333,935.0,233.75,14510.0,7255.0,14232.0,278.0,104.0,136.0,95.56270506,120.3333333,233.75,361.0,935.0,26883.0
80.0,0.0,0.0,0.0,0.0,0.0,0.0,69.0,69.0,69.0,69.0,64.0,0.0,28985.50725,0.0,0.0,0.0,0.0,225.0
80.0,0.0,0.0,0.0,0.0,0.0,0.0,115.0,115.0,115.0,115.0,64.0,0.0,17391.30435,0.0,0.0,0.0,0.0,225.0
80.0,352.0,935.0,352.0,117.3333333,935.0,233.75,35299.0,17649.5,35041.0,258.0,104.0,136.0,56.94760820000001,117.3333333,233.75,352.0,935.0,26883.0
80.0,365.0,935.0,365.0,121.6666667,935.0,233.75,7460.0,3730.0,7196.0,264.0,104.0,136.0,363.372093,121.6666667,233.75,365.0,935.0,26883.0
80.0,346.0,935.0,346.0,115.3333333,935.0,233.75,11536.0,5768.0,9863.0,1673.0,104.0,136.0,80.60832415,115.3333333,233.75,346.0,935.0,26883.0
80.0,364.0,935.0,364.0,72.8,935.0,311.6666667,22428.0,5607.0,16335.0,258.0,168.0,104.0,222.9356162,72.8,311.6666667,364.0,935.0,26883.0
80.0,0.0,0.0,0.0,0.0,0.0,0.0,98.0,98.0,98.0,98.0,64.0,0.0,20408.16327,0.0,0.0,0.0,0.0,225.0
80.0,372.0,935.0,372.0,124.0,935.0,233.75,11824.0,5912.0,10902.0,922.0,104.0,136.0,43.23078032,124.0,233.75,372.0,935.0,26883.0
80.0,0.0,0.0,0.0,0.0,0.0,0.0,81.0,81.0,81.0,81.0,64.0,0.0,24691.35802,0.0,0.0,0.0,0.0,225.0
80.0,316.0,935.0,316.0,105.3333333,935.0,233.75,6064.0,3032.0,3193.0,2871.0,104.0,136.0,55.82849486,105.3333333,233.75,316.0,935.0,26883.0
80.0,294.0,935.0,294.0,98.0,935.0,233.75,34638.0,17319.0,34355.0,283.0,104.0,136.0,78.67614277,98.0,233.75,294.0,935.0,26883.0
80.0,364.0,935.0,364.0,121.3333333,935.0,233.75,12041.0,6020.5,9837.0,2204.0,104.0,136.0,54.33010975,121.3333333,233.75,364.0,935.0,26883.0
80.0,374.0,935.0,374.0,124.6666667,935.0,233.75,35026.0,17513.0,34751.0,275.0,104.0,136.0,56.96274636,124.6666667,233.75,374.0,935.0,26883.0
80.0,0.0,0.0,0.0,0.0,0.0,0.0,6.0,6.0,6.0,6.0,64.0,0.0,333333.3333,0.0,0.0,0.0,0.0,225.0
80.0,354.0,935.0,354.0,118.0,935.0,233.75,5688.0,2844.0,3829.0,1859.0,104.0,136.0,62.28847871,118.0,233.75,354.0,935.0,26883.0
80.0,394.0,935.0,394.0,131.3333333,935.0,233.75,5333.0,2666.5,2707.0,2626.0,104.0,136.0,71.90106414,131.3333333,233.75,394.0,935.0,26883.0
80.0,305.0,935.0,305.0,101.6666667,935.0,233.75,26996.0,13498.0,26756.0,240.0,104.0,136.0,75.14088917,101.6666667,233.75,305.0,935.0,26883.0
80.0,0.0,0.0,0.0,0.0,0.0,0.0,77.0,77.0,77.0,77.0,64.0,0.0,25974.02597,0.0,0.0,0.0,0.0,225.0
80.0,0.0,0.0,0.0,0.0,0.0,0.0,19.0,19.0,19.0,19.0,64.0,0.0,105263.1579,0.0,0.0,0.0,0.0,225.0
80.0,366.0,935.0,366.0,122.0,935.0,233.75,7456.0,3728.0,3814.0,3642.0,104.0,136.0,62.22388153,122.0,233.75,366.0,935.0,26883.0
80.0,349.0,935.0,349.0,116.3333333,935.0,233.75,23412.0,11706.0,16459.0,6953.0,104.0,136.0,45.61627589,116.3333333,233.75,349.0,935.0,26883.0
80.0,313.0,935.0,313.0,104.3333333,935.0,233.75,29217.0,14608.5,28966.0,251.0,104.0,136.0,91.52480322,104.3333333,233.75,313.0,935.0,26883.0
80.0,349.0,935.0,349.0,116.3333333,935.0,233.75,44676.0,22338.0,44369.0,307.0,104.0,136.0,45.61766316,116.3333333,233.75,349.0,935.0,26883.0
80.0,323.0,935.0,323.0,107.6666667,935.0,233.75,31829.0,15914.5,31537.0,292.0,104.0,136.0,60.95207135,107.6666667,233.75,323.0,935.0,26883.0
80.0,361.0,935.0,361.0,120.3333333,935.0,233.75,47746.0,23873.0,47491.0,255.0,104.0,136.0,47.29474082,120.3333333,233.75,361.0,935.0,26883.0
80.0,373.0,935.0,373.0,124.3333333,935.0,233.75,25608.0,12804.0,25304.0,304.0,104.0,136.0,63.469228,124.3333333,233.75,373.0,935.0,26883.0
80.0,351.0,935.0,351.0,117.0,935.0,233.75,28915.0,14457.5,28669.0,246.0,104.0,136.0,98.95438203,117.0,233.75,351.0,935.0,26883.0
80.0,368.0,935.0,368.0,122.6666667,935.0,233.75,1484.0,742.0,1235.0,249.0,104.0,136.0,996.3467287,122.6666667,233.75,368.0,935.0,26883.0
80.0,356.0,935.0,356.0,118.6666667,935.0,233.75,47318.0,23659.0,46989.0,329.0,104.0,136.0,42.73747792,118.6666667,233.75,356.0,935.0,26883.0
80.0,375.0,935.0,375.0,125.0,935.0,233.75,8050.0,4025.0,6931.0,1119.0,104.0,136.0,56.39627785,125.0,233.75,375.0,935.0,26883.0
80.0,297.0,935.0,297.0,99.0,935.0,233.75,21852.0,10926.0,21597.0,255.0,104.0,136.0,80.15603709,99.0,233.75,297.0,935.0,26883.0
80.0,372.0,935.0,372.0,124.0,935.0,233.75,7601.0,3800.5,4557.0,3044.0,104.0,136.0,60.81368713,124.0,233.75,372.0,935.0,26883.0
80.0,319.0,935.0,319.0,106.3333333,935.0,233.75,2404.0,1202.0,2125.0,279.0,104.0,136.0,302.1756648,106.3333333,233.75,319.0,935.0,26883.0
80.0,335.0,935.0,335.0,111.6666667,935.0,233.75,11417.0,5708.5,10509.0,908.0,104.0,136.0,55.14705882,111.6666667,233.75,335.0,935.0,26883.0
80.0,368.0,935.0,368.0,122.6666667,935.0,233.75,34595.0,17297.5,34303.0,292.0,104.0,136.0,83.89496351,122.6666667,233.75,368.0,935.0,26883.0
80.0,362.0,935.0,362.0,120.6666667,935.0,233.75,17971.0,8985.5,17626.0,345.0,104.0,136.0,85.31452622,120.6666667,233.75,362.0,935.0,26883.0
80.0,413.0,935.0,413.0,137.66666669999998,935.0,233.75,30527.0,15263.5,30263.0,264.0,104.0,136.0,52.83085322,137.66666669999998,233.75,413.0,935.0,26883.0
80.0,331.0,935.0,331.0,110.3333333,935.0,233.75,5387.0,2693.5,4063.0,1324.0,104.0,136.0,48.72265441,110.3333333,233.75,331.0,935.0,26883.0
80.0,353.0,935.0,353.0,117.6666667,935.0,233.75,28394.0,14197.0,26938.0,1456.0,104.0,136.0,45.92211609,117.6666667,233.75,353.0,935.0,26883.0
80.0,344.0,935.0,344.0,114.6666667,935.0,233.75,6249.0,3124.5,5521.0,728.0,104.0,136.0,56.94544626,114.6666667,233.75,344.0,935.0,26883.0
80.0,322.0,935.0,322.0,107.3333333,935.0,233.75,19261.0,9630.5,18930.0,331.0,104.0,136.0,146.82131850000005,107.3333333,233.75,322.0,935.0,26883.0
80.0,340.0,935.0,340.0,113.3333333,935.0,233.75,11431.0,5715.5,9628.0,1803.0,104.0,136.0,58.65331978,113.3333333,233.75,340.0,935.0,26883.0
80.0,632.0,935.0,316.0,158.0,935.0,233.75,215578.0,71859.33333,208419.0,2597.0,136.0,136.0,15.24239214,158.0,233.75,632.0,935.0,26883.0
80.0,348.0,935.0,348.0,116.0,935.0,233.75,7434.0,3717.0,6223.0,1211.0,104.0,136.0,61.31207848,116.0,233.75,348.0,935.0,26883.0
80.0,318.0,935.0,318.0,106.0,935.0,233.75,21289.0,10644.5,20972.0,317.0,104.0,136.0,54.12036369,106.0,233.75,318.0,935.0,26883.0
80.0,353.0,935.0,353.0,117.6666667,935.0,233.75,12390.0,6195.0,10567.0,1823.0,104.0,136.0,50.85952599,117.6666667,233.75,353.0,935.0,26883.0
80.0,291.0,935.0,291.0,97.0,935.0,233.75,10253.0,5126.5,9981.0,272.0,104.0,136.0,172.66187050000005,97.0,233.75,291.0,935.0,26883.0
80.0,301.0,935.0,301.0,100.3333333,935.0,233.75,8215.0,4107.5,7959.0,256.0,104.0,136.0,230.5209774,100.3333333,233.75,301.0,935.0,26883.0
80.0,334.0,935.0,334.0,111.3333333,935.0,233.75,38419.0,19209.5,38148.0,271.0,104.0,136.0,75.59531309,111.3333333,233.75,334.0,935.0,26883.0
80.0,350.0,935.0,350.0,116.6666667,935.0,233.75,30835.0,15417.5,30514.0,321.0,104.0,136.0,96.48473933,116.6666667,233.75,350.0,935.0,26883.0
80.0,341.0,935.0,341.0,113.6666667,935.0,233.75,7357.0,3678.5,4941.0,2416.0,104.0,136.0,65.16639152,113.6666667,233.75,341.0,935.0,26883.0
80.0,317.0,935.0,317.0,105.6666667,935.0,233.75,22475.0,11237.5,22193.0,282.0,104.0,136.0,51.92826975,105.6666667,233.75,317.0,935.0,26883.0
80.0,0.0,0.0,0.0,0.0,0.0,0.0,111.0,111.0,111.0,111.0,64.0,0.0,18018.01802,0.0,0.0,0.0,0.0,225.0
80.0,0.0,0.0,0.0,0.0,0.0,0.0,80.0,80.0,80.0,80.0,64.0,0.0,25000.0,0.0,0.0,0.0,0.0,225.0
80.0,326.0,935.0,326.0,108.6666667,935.0,233.75,20938.0,10469.0,20321.0,617.0,104.0,136.0,98.0103891,108.6666667,233.75,326.0,935.0,26883.0
80.0,350.0,935.0,350.0,116.6666667,935.0,233.75,6474.0,3237.0,6228.0,246.0,104.0,136.0,288.3783524,116.6666667,233.75,350.0,935.0,26883.0
80.0,282.0,935.0,282.0,94.0,935.0,233.75,11551.0,5775.5,10398.0,1153.0,104.0,136.0,79.13479293,94.0,233.75,282.0,935.0,26883.0
80.0,319.0,935.0,319.0,106.3333333,935.0,233.75,25626.0,12813.0,25322.0,304.0,104.0,136.0,106.4018443,106.3333333,233.75,319.0,935.0,26883.0
80.0,351.0,935.0,351.0,117.0,935.0,233.75,12139.0,6069.5,11804.0,335.0,104.0,136.0,139.8210291,117.0,233.75,351.0,935.0,26883.0
80.0,345.0,935.0,345.0,115.0,935.0,233.75,7077.0,3538.5,6281.0,796.0,104.0,136.0,62.19550119,115.0,233.75,345.0,935.0,26883.0
80.0,364.0,935.0,364.0,121.3333333,935.0,233.75,51651.0,25825.5,51408.0,243.0,104.0,136.0,32.7657576,121.3333333,233.75,364.0,935.0,26883.0
80.0,337.0,935.0,337.0,112.3333333,935.0,233.75,32260.0,16130.0,31835.0,425.0,104.0,136.0,88.1005521,112.3333333,233.75,337.0,935.0,26883.0
80.0,320.0,935.0,320.0,106.6666667,935.0,233.75,14343.0,7171.5,13967.0,376.0,104.0,136.0,91.81331293,106.6666667,233.75,320.0,935.0,26883.0
80.0,337.0,935.0,337.0,112.3333333,935.0,233.75,1687.0,843.5,1167.0,520.0,104.0,136.0,114.8941059,112.3333333,233.75,337.0,935.0,26883.0
80.0,0.0,0.0,0.0,0.0,0.0,0.0,54.0,54.0,54.0,54.0,64.0,0.0,37037.03704,0.0,0.0,0.0,0.0,225.0
80.0,336.0,935.0,336.0,112.0,935.0,233.75,14587.0,7293.5,11160.0,3427.0,104.0,136.0,53.8551297,112.0,233.75,336.0,935.0,26883.0
80.0,790.0,935.0,395.0,197.5,935.0,233.75,227126.0,75708.66667,214042.0,1310.0,136.0,136.0,14.69675092,197.5,233.75,790.0,935.0,26883.0
80.0,322.0,935.0,322.0,107.3333333,935.0,233.75,16797.0,8398.5,16443.0,354.0,104.0,136.0,97.09366302,107.3333333,233.75,322.0,935.0,26883.0
80.0,399.0,935.0,399.0,133.0,935.0,233.75,24448.0,12224.0,24160.0,288.0,104.0,136.0,64.95615459999999,133.0,233.75,399.0,935.0,26883.0
80.0,322.0,935.0,322.0,107.3333333,935.0,233.75,5560.0,2780.0,2959.0,2601.0,104.0,136.0,78.41907152,107.3333333,233.75,322.0,935.0,26883.0
80.0,300.0,935.0,300.0,100.0,935.0,233.75,11878.0,5939.0,8601.0,3277.0,104.0,136.0,57.59926273,100.0,233.75,300.0,935.0,26883.0
80.0,308.0,935.0,308.0,102.6666667,935.0,233.75,6858.0,3429.0,6536.0,322.0,104.0,136.0,266.3115846,102.6666667,233.75,308.0,935.0,26883.0
80.0,310.0,935.0,310.0,103.3333333,935.0,233.75,30045.0,15022.5,29732.0,313.0,104.0,136.0,54.36949509,103.3333333,233.75,310.0,935.0,26883.0
80.0,0.0,0.0,0.0,0.0,0.0,0.0,28.0,28.0,28.0,28.0,64.0,0.0,71428.57143,0.0,0.0,0.0,0.0,225.0
80.0,399.0,935.0,399.0,133.0,935.0,233.75,38468.0,19234.0,38127.0,341.0,104.0,136.0,41.2512891,133.0,233.75,399.0,935.0,26883.0
80.0,356.0,935.0,356.0,118.6666667,935.0,233.75,38745.0,19372.5,38424.0,321.0,104.0,136.0,52.36607377,118.6666667,233.75,356.0,935.0,26883.0
80.0,417.0,935.0,417.0,139.0,935.0,233.75,15698.0,7849.0,15440.0,258.0,104.0,136.0,70.22143158,139.0,233.75,417.0,935.0,26883.0
80.0,360.0,935.0,360.0,120.0,935.0,233.75,22482.0,11241.0,22221.0,261.0,104.0,136.0,126.3956183,120.0,233.75,360.0,935.0,26883.0
80.0,350.0,935.0,350.0,116.6666667,935.0,233.75,22678.0,11339.0,22404.0,274.0,104.0,136.0,73.4933856,116.6666667,233.75,350.0,935.0,26883.0
80.0,375.0,935.0,375.0,125.0,935.0,233.75,24724.0,12362.0,13052.0,11672.0,104.0,136.0,44.08847086,125.0,233.75,375.0,935.0,26883.0
80.0,0.0,0.0,0.0,0.0,0.0,0.0,92.0,92.0,92.0,92.0,64.0,0.0,21739.13043,0.0,0.0,0.0,0.0,225.0
80.0,0.0,0.0,0.0,0.0,0.0,0.0,107.0,107.0,107.0,107.0,64.0,0.0,18691.58879,0.0,0.0,0.0,0.0,225.0
80.0,328.0,935.0,328.0,109.3333333,935.0,233.75,48428.0,24214.0,48182.0,246.0,104.0,136.0,41.83458605,109.3333333,233.75,328.0,935.0,26883.0
80.0,356.0,935.0,356.0,118.6666667,935.0,233.75,23743.0,11871.5,23483.0,260.0,104.0,136.0,92.16873022,118.6666667,233.75,356.0,935.0,26883.0
80.0,0.0,0.0,0.0,0.0,0.0,0.0,16.0,16.0,16.0,16.0,64.0,0.0,125000.0,0.0,0.0,0.0,0.0,225.0
80.0,0.0,0.0,0.0,0.0,0.0,0.0,46.0,46.0,46.0,46.0,64.0,0.0,43478.26087,0.0,0.0,0.0,0.0,225.0
80.0,0.0,0.0,0.0,0.0,0.0,0.0,65.0,65.0,65.0,65.0,64.0,0.0,30769.23077,0.0,0.0,0.0,0.0,225.0
80.0,345.0,935.0,345.0,115.0,935.0,233.75,11943.0,5971.5,11622.0,321.0,104.0,136.0,97.96238245,115.0,233.75,345.0,935.0,26883.0
80.0,0.0,0.0,0.0,0.0,0.0,0.0,84.0,84.0,84.0,84.0,64.0,0.0,23809.52381,0.0,0.0,0.0,0.0,225.0
80.0,414.0,935.0,414.0,138.0,935.0,233.75,26055.0,13027.5,25762.0,293.0,104.0,136.0,105.2853232,138.0,233.75,414.0,935.0,26883.0
80.0,297.0,935.0,297.0,99.0,935.0,233.75,2765.0,1382.5,2505.0,260.0,104.0,136.0,205.9873661,99.0,233.75,297.0,935.0,26883.0
80.0,0.0,0.0,0.0,0.0,0.0,0.0,113.0,113.0,113.0,113.0,64.0,0.0,17699.11504,0.0,0.0,0.0,0.0,225.0
80.0,311.0,935.0,311.0,103.6666667,935.0,233.75,9560.0,4780.0,7253.0,2307.0,104.0,136.0,63.44372542,103.6666667,233.75,311.0,935.0,26883.0
80.0,352.0,935.0,352.0,117.3333333,935.0,233.75,38624.0,19312.0,38358.0,266.0,104.0,136.0,44.60236987,117.3333333,233.75,352.0,935.0,26883.0
80.0,380.0,935.0,380.0,126.6666667,935.0,233.75,32784.0,16392.0,32423.0,361.0,104.0,136.0,43.95926441,126.6666667,233.75,380.0,935.0,26883.0
80.0,342.0,935.0,342.0,114.0,935.0,233.75,3612.0,1806.0,3355.0,257.0,104.0,136.0,140.3771466,114.0,233.75,342.0,935.0,26883.0
80.0,324.0,935.0,324.0,108.0,935.0,233.75,20393.0,10196.5,19990.0,403.0,104.0,136.0,82.0726069,108.0,233.75,324.0,935.0,26883.0
80.0,0.0,0.0,0.0,0.0,0.0,0.0,13.0,13.0,13.0,13.0,64.0,0.0,153846.1538,0.0,0.0,0.0,0.0,225.0
80.0,372.0,935.0,372.0,124.0,935.0,233.75,46834.0,23417.0,46553.0,281.0,104.0,136.0,34.24344809,124.0,233.75,372.0,935.0,26883.0
80.0,362.0,935.0,362.0,120.6666667,935.0,233.75,23536.0,11768.0,23285.0,251.0,104.0,136.0,114.8677107,120.6666667,233.75,362.0,935.0,26883.0
80.0,0.0,0.0,0.0,0.0,0.0,0.0,109.0,109.0,109.0,109.0,64.0,0.0,18348.62385,0.0,0.0,0.0,0.0,225.0
80.0,379.0,935.0,379.0,126.3333333,935.0,233.75,37183.0,18591.5,36929.0,254.0,104.0,136.0,43.50663476,126.3333333,233.75,379.0,935.0,26883.0
80.0,319.0,935.0,319.0,106.3333333,935.0,233.75,51819.0,25909.5,51511.0,308.0,104.0,136.0,34.49782664,106.3333333,233.75,319.0,935.0,26883.0
80.0,351.0,935.0,351.0,117.0,935.0,233.75,18970.0,9485.0,18596.0,374.0,104.0,136.0,112.8201271,117.0,233.75,351.0,935.0,26883.0
80.0,353.0,935.0,353.0,117.6666667,935.0,233.75,36454.0,18227.0,36185.0,269.0,104.0,136.0,77.42135281,117.6666667,233.75,353.0,935.0,26883.0
80.0,356.0,935.0,356.0,118.6666667,935.0,233.75,7417.0,3708.5,4233.0,3184.0,104.0,136.0,58.52744937,118.6666667,233.75,356.0,935.0,26883.0
80.0,368.0,935.0,368.0,122.6666667,935.0,233.75,8028.0,4014.0,7733.0,295.0,104.0,136.0,242.5614489,122.6666667,233.75,368.0,935.0,26883.0
80.0,361.0,935.0,361.0,120.3333333,935.0,233.75,32308.0,16154.0,31937.0,371.0,104.0,136.0,90.42954032,120.3333333,233.75,361.0,935.0,26883.0
80.0,340.0,935.0,340.0,113.3333333,935.0,233.75,10436.0,5218.0,7521.0,2915.0,104.0,136.0,59.65875194,113.3333333,233.75,340.0,935.0,26883.0
80.0,340.0,935.0,340.0,113.3333333,935.0,233.75,43641.0,21820.5,43309.0,332.0,104.0,136.0,46.21143271,113.3333333,233.75,340.0,935.0,26883.0
80.0,337.0,935.0,337.0,112.3333333,935.0,233.75,10997.0,5498.5,9724.0,1273.0,104.0,136.0,61.37228428,112.3333333,233.75,337.0,935.0,26883.0
80.0,360.0,935.0,360.0,120.0,935.0,233.75,17656.0,8828.0,17381.0,275.0,104.0,136.0,64.05465998,120.0,233.75,360.0,935.0,26883.0
80.0,354.0,935.0,354.0,118.0,935.0,233.75,12026.0,6013.0,10644.0,1382.0,104.0,136.0,44.18392294,118.0,233.75,354.0,935.0,26883.0
80.0,311.0,935.0,311.0,103.6666667,935.0,233.75,7590.0,3795.0,4168.0,3422.0,104.0,136.0,62.35709832,103.6666667,233.75,311.0,935.0,26883.0
80.0,304.0,935.0,304.0,101.3333333,935.0,233.75,1964.0,982.0,1679.0,285.0,104.0,136.0,378.8357116,101.3333333,233.75,304.0,935.0,26883.0
80.0,374.0,935.0,374.0,124.6666667,935.0,233.75,9435.0,4717.5,5053.0,4382.0,104.0,136.0,63.39546089,124.6666667,233.75,374.0,935.0,26883.0
80.0,0.0,0.0,0.0,0.0,0.0,0.0,113.0,113.0,113.0,113.0,64.0,0.0,17699.11504,0.0,0.0,0.0,0.0,225.0
80.0,341.0,935.0,341.0,113.6666667,935.0,233.75,5770.0,2885.0,5357.0,413.0,104.0,136.0,481.3863928,113.6666667,233.75,341.0,935.0,26883.0
80.0,301.0,935.0,301.0,100.3333333,935.0,233.75,5332.0,2666.0,4539.0,793.0,104.0,136.0,63.17784564,100.3333333,233.75,301.0,935.0,26883.0
80.0,289.0,935.0,289.0,96.33333333,935.0,233.75,21859.0,10929.5,21585.0,274.0,104.0,136.0,90.80177971,96.33333333,233.75,289.0,935.0,26883.0
80.0,324.0,935.0,324.0,108.0,935.0,233.75,6523.0,3261.5,3332.0,3191.0,104.0,136.0,59.49901827,108.0,233.75,324.0,935.0,26883.0
80.0,367.0,935.0,367.0,122.3333333,935.0,233.75,25187.0,12593.5,24555.0,632.0,104.0,136.0,52.89326139999999,122.3333333,233.75,367.0,935.0,26883.0
80.0,359.0,935.0,359.0,119.6666667,935.0,233.75,12030.0,6015.0,10805.0,1225.0,104.0,136.0,53.09170708,119.6666667,233.75,359.0,935.0,26883.0
80.0,324.0,935.0,324.0,108.0,935.0,233.75,29936.0,14968.0,29307.0,629.0,104.0,136.0,89.33357156,108.0,233.75,324.0,935.0,26883.0
80.0,340.0,935.0,340.0,113.3333333,935.0,233.75,518.0,259.0,364.0,154.0,104.0,136.0,2386.634845,113.3333333,233.75,340.0,935.0,26883.0
80.0,375.0,935.0,375.0,125.0,935.0,233.75,1081.0,540.5,544.0,537.0,104.0,136.0,184.7176898,125.0,233.75,375.0,935.0,26883.0
80.0,338.0,935.0,338.0,112.6666667,935.0,233.75,19614.0,9807.0,19311.0,303.0,104.0,136.0,91.09403941,112.6666667,233.75,338.0,935.0,26883.0
80.0,0.0,0.0,0.0,0.0,0.0,0.0,51.0,51.0,51.0,51.0,64.0,0.0,39215.68627,0.0,0.0,0.0,0.0,225.0
80.0,348.0,935.0,348.0,116.0,935.0,233.75,31768.0,15884.0,31389.0,379.0,104.0,136.0,90.7935355,116.0,233.75,348.0,935.0,26883.0
80.0,287.0,935.0,287.0,95.66666667,935.0,233.75,3020.0,1510.0,2767.0,253.0,104.0,136.0,281.7695125,95.66666667,233.75,287.0,935.0,26883.0
80.0,398.0,935.0,398.0,132.6666667,935.0,233.75,11593.0,5796.5,9293.0,2300.0,104.0,136.0,54.63883729,132.6666667,233.75,398.0,935.0,26883.0
80.0,363.0,935.0,363.0,121.0,935.0,233.75,20190.0,10095.0,19888.0,302.0,104.0,136.0,104.297038,121.0,233.75,363.0,935.0,26883.0
80.0,340.0,935.0,340.0,113.3333333,935.0,233.75,13035.0,6517.5,10193.0,2842.0,104.0,136.0,56.94328449,113.3333333,233.75,340.0,935.0,26883.0
80.0,0.0,0.0,0.0,0.0,0.0,0.0,90.0,90.0,90.0,90.0,64.0,0.0,22222.22222,0.0,0.0,0.0,0.0,225.0
80.0,368.0,935.0,368.0,122.6666667,935.0,233.75,18107.0,9053.5,17756.0,351.0,104.0,136.0,78.9536016,122.6666667,233.75,368.0,935.0,26883.0
80.0,343.0,935.0,343.0,114.3333333,935.0,233.75,15693.0,7846.5,15445.0,248.0,104.0,136.0,74.36234291,114.3333333,233.75,343.0,935.0,26883.0
80.0,323.0,935.0,323.0,107.6666667,935.0,233.75,21762.0,10881.0,21475.0,287.0,104.0,136.0,107.9253157,107.6666667,233.75,323.0,935.0,26883.0
80.0,360.0,935.0,360.0,120.0,935.0,233.75,5472.0,2736.0,5034.0,438.0,104.0,136.0,352.4022084,120.0,233.75,360.0,935.0,26883.0
80.0,333.0,935.0,333.0,111.0,935.0,233.75,756.0,378.0,539.0,217.0,104.0,136.0,114.3292683,111.0,233.75,333.0,935.0,26883.0
80.0,0.0,0.0,0.0,0.0,0.0,0.0,106.0,106.0,106.0,106.0,64.0,0.0,18867.92453,0.0,0.0,0.0,0.0,225.0
80.0,310.0,935.0,310.0,103.3333333,935.0,233.75,7800.0,3900.0,6533.0,1267.0,104.0,136.0,59.52735282,103.3333333,233.75,310.0,935.0,26883.0
80.0,291.0,935.0,291.0,97.0,935.0,233.75,27909.0,13954.5,27586.0,323.0,104.0,136.0,102.7502826,97.0,233.75,291.0,935.0,26883.0
80.0,380.0,935.0,380.0,126.6666667,935.0,233.75,1271.0,635.5,947.0,324.0,104.0,136.0,252.27043390000003,126.6666667,233.75,380.0,935.0,26883.0
80.0,400.0,935.0,400.0,133.3333333,935.0,233.75,37075.0,18537.5,36818.0,257.0,104.0,136.0,50.62949337,133.3333333,233.75,400.0,935.0,26883.0
80.0,0.0,0.0,0.0,0.0,0.0,0.0,74.0,74.0,74.0,74.0,64.0,0.0,27027.02703,0.0,0.0,0.0,0.0,225.0
80.0,353.0,935.0,353.0,117.6666667,935.0,233.75,31974.0,15987.0,31700.0,274.0,104.0,136.0,44.71938585,117.6666667,233.75,353.0,935.0,26883.0
80.0,326.0,935.0,326.0,108.6666667,935.0,233.75,3585.0,1792.5,3274.0,311.0,104.0,136.0,294.8113208000001,108.6666667,233.75,326.0,935.0,26883.0
80.0,375.0,935.0,375.0,125.0,935.0,233.75,13606.0,6803.0,13331.0,275.0,104.0,136.0,114.05543090000002,125.0,233.75,375.0,935.0,26883.0
80.0,322.0,935.0,322.0,107.3333333,935.0,233.75,10208.0,5104.0,9928.0,280.0,104.0,136.0,242.30676040000003,107.3333333,233.75,322.0,935.0,26883.0
80.0,293.0,935.0,293.0,97.66666667,935.0,233.75,6305.0,3152.5,6045.0,260.0,104.0,136.0,116.40991809999998,97.66666667,233.75,293.0,935.0,26883.0
80.0,371.0,935.0,371.0,123.6666667,935.0,233.75,7955.0,3977.5,4486.0,3469.0,104.0,136.0,62.08352303,123.6666667,233.75,371.0,935.0,26883.0
80.0,341.0,935.0,341.0,113.6666667,935.0,233.75,3592.0,1796.0,3203.0,389.0,104.0,136.0,244.977952,113.6666667,233.75,341.0,935.0,26883.0
80.0,0.0,0.0,0.0,0.0,0.0,0.0,84.0,84.0,84.0,84.0,64.0,0.0,23809.52381,0.0,0.0,0.0,0.0,225.0
80.0,390.0,935.0,390.0,130.0,935.0,233.75,30543.0,15271.5,30286.0,257.0,104.0,136.0,91.39932365,130.0,233.75,390.0,935.0,26883.0
80.0,354.0,935.0,354.0,118.0,935.0,233.75,5544.0,2772.0,5273.0,271.0,104.0,136.0,229.9202943,118.0,233.75,354.0,935.0,26883.0
80.0,335.0,935.0,335.0,111.6666667,935.0,233.75,39564.0,19782.0,39259.0,305.0,104.0,136.0,41.38787335,111.6666667,233.75,335.0,935.0,26883.0
80.0,368.0,935.0,368.0,122.6666667,935.0,233.75,23588.0,11794.0,23328.0,260.0,104.0,136.0,89.18219923,122.6666667,233.75,368.0,935.0,26883.0
80.0,415.0,935.0,415.0,138.33333330000002,935.0,233.75,13049.0,6524.5,10934.0,2115.0,104.0,136.0,43.03296325,138.33333330000002,233.75,415.0,935.0,26883.0
80.0,0.0,0.0,0.0,0.0,0.0,0.0,67.0,67.0,67.0,67.0,64.0,0.0,29850.74627,0.0,0.0,0.0,0.0,225.0
80.0,346.0,935.0,346.0,115.3333333,935.0,233.75,42040.0,21020.0,41774.0,266.0,104.0,136.0,44.53747829,115.3333333,233.75,346.0,935.0,26883.0
80.0,328.0,935.0,328.0,109.3333333,935.0,233.75,31416.0,15708.0,31139.0,277.0,104.0,136.0,42.42441384,109.3333333,233.75,328.0,935.0,26883.0
80.0,290.0,935.0,290.0,96.66666667,935.0,233.75,33295.0,16647.5,33064.0,231.0,104.0,136.0,85.57492084,96.66666667,233.75,290.0,935.0,26883.0
80.0,317.0,935.0,317.0,105.6666667,935.0,233.75,9890.0,4945.0,6721.0,3169.0,104.0,136.0,57.04398091,105.6666667,233.75,317.0,935.0,26883.0
80.0,336.0,935.0,336.0,112.0,935.0,233.75,19322.0,9661.0,19049.0,273.0,104.0,136.0,146.9004015,112.0,233.75,336.0,935.0,26883.0
80.0,292.0,935.0,292.0,97.33333333,935.0,233.75,25182.0,12591.0,24899.0,283.0,104.0,136.0,74.0429943,97.33333333,233.75,292.0,935.0,26883.0
80.0,383.0,935.0,383.0,76.6,935.0,311.6666667,31167.0,7791.75,28551.0,263.0,168.0,104.0,160.4260917,76.6,311.6666667,383.0,935.0,26883.0
80.0,0.0,0.0,0.0,0.0,0.0,0.0,49.0,49.0,49.0,49.0,64.0,0.0,40816.32653,0.0,0.0,0.0,0.0,225.0
80.0,360.0,935.0,360.0,120.0,935.0,233.75,12160.0,6080.0,11843.0,317.0,104.0,136.0,234.5949327,120.0,233.75,360.0,935.0,26883.0
80.0,0.0,0.0,0.0,0.0,0.0,0.0,77.0,77.0,77.0,77.0,64.0,0.0,25974.02597,0.0,0.0,0.0,0.0,225.0
80.0,0.0,0.0,0.0,0.0,0.0,0.0,104.0,104.0,104.0,104.0,64.0,0.0,19230.76923,0.0,0.0,0.0,0.0,225.0
80.0,358.0,935.0,358.0,119.3333333,935.0,233.75,1063.0,531.5,642.0,421.0,104.0,136.0,152.230172,119.3333333,233.75,358.0,935.0,26883.0
80.0,328.0,935.0,328.0,109.3333333,935.0,233.75,11433.0,5716.5,9050.0,2383.0,104.0,136.0,43.42790967,109.3333333,233.75,328.0,935.0,26883.0
80.0,0.0,0.0,0.0,0.0,0.0,0.0,105.0,105.0,105.0,105.0,64.0,0.0,19047.61905,0.0,0.0,0.0,0.0,225.0
80.0,350.0,935.0,350.0,116.6666667,935.0,233.75,16782.0,8391.0,16413.0,369.0,104.0,136.0,67.10208464,116.6666667,233.75,350.0,935.0,26883.0
80.0,368.0,935.0,368.0,122.6666667,935.0,233.75,26173.0,13086.5,25883.0,290.0,104.0,136.0,59.00981529999999,122.6666667,233.75,368.0,935.0,26883.0
80.0,0.0,0.0,0.0,0.0,0.0,0.0,32.0,32.0,32.0,32.0,64.0,0.0,62500.0,0.0,0.0,0.0,0.0,225.0
80.0,362.0,935.0,362.0,120.6666667,935.0,233.75,43881.0,21940.5,43495.0,386.0,104.0,136.0,65.45644964,120.6666667,233.75,362.0,935.0,26883.0
80.0,367.0,935.0,367.0,122.3333333,935.0,233.75,12797.0,6398.5,12479.0,318.0,104.0,136.0,178.1895937,122.3333333,233.75,367.0,935.0,26883.0
80.0,0.0,0.0,0.0,0.0,0.0,0.0,101.0,101.0,101.0,101.0,64.0,0.0,19801.9802,0.0,0.0,0.0,0.0,225.0
80.0,357.0,935.0,357.0,119.0,935.0,233.75,36942.0,18471.0,36676.0,266.0,104.0,136.0,77.09505821,119.0,233.75,357.0,935.0,26883.0
80.0,0.0,0.0,0.0,0.0,0.0,0.0,104.0,104.0,104.0,104.0,64.0,0.0,19230.76923,0.0,0.0,0.0,0.0,225.0
80.0,0.0,0.0,0.0,0.0,0.0,0.0,37.0,37.0,37.0,37.0,64.0,0.0,54054.05405,0.0,0.0,0.0,0.0,225.0
80.0,0.0,0.0,0.0,0.0,0.0,0.0,76.0,76.0,76.0,76.0,64.0,0.0,26315.78947,0.0,0.0,0.0,0.0,225.0
80.0,370.0,935.0,370.0,123.3333333,935.0,233.75,3883.0,1941.5,2167.0,1716.0,104.0,136.0,60.50582873,123.3333333,233.75,370.0,935.0,26883.0
80.0,318.0,935.0,318.0,106.0,935.0,233.75,33329.0,16664.5,33040.0,289.0,104.0,136.0,88.00492828,106.0,233.75,318.0,935.0,26883.0
80.0,350.0,935.0,350.0,116.6666667,935.0,233.75,8695.0,4347.5,8415.0,280.0,104.0,136.0,178.51829809999995,116.6666667,233.75,350.0,935.0,26883.0
80.0,335.0,935.0,335.0,111.6666667,935.0,233.75,2320.0,1160.0,2049.0,271.0,104.0,136.0,258.4647196,111.6666667,233.75,335.0,935.0,26883.0
80.0,288.0,935.0,288.0,96.0,935.0,233.75,14234.0,7117.0,14000.0,234.0,104.0,136.0,99.78380176,96.0,233.75,288.0,935.0,26883.0
80.0,319.0,935.0,319.0,106.3333333,935.0,233.75,29675.0,14837.5,29382.0,293.0,104.0,136.0,51.36282701,106.3333333,233.75,319.0,935.0,26883.0
80.0,306.0,935.0,306.0,102.0,935.0,233.75,24489.0,12244.5,24207.0,282.0,104.0,136.0,108.9997457,102.0,233.75,306.0,935.0,26883.0
80.0,323.0,935.0,323.0,107.6666667,935.0,233.75,31703.0,15851.5,31406.0,297.0,104.0,136.0,89.05512512,107.6666667,233.75,323.0,935.0,26883.0
80.0,354.0,935.0,354.0,118.0,935.0,233.75,11349.0,5674.5,8001.0,3348.0,104.0,136.0,54.19075145,118.0,233.75,354.0,935.0,26883.0
80.0,353.0,935.0,353.0,117.6666667,935.0,233.75,3518.0,1759.0,3271.0,247.0,104.0,136.0,471.3275727,117.6666667,233.75,353.0,935.0,26883.0
80.0,350.0,935.0,350.0,116.6666667,935.0,233.75,42445.0,21222.5,42200.0,245.0,104.0,136.0,46.80187207,116.6666667,233.75,350.0,935.0,26883.0
80.0,367.0,935.0,367.0,122.3333333,935.0,233.75,8867.0,4433.5,8566.0,301.0,104.0,136.0,127.5401752,122.3333333,233.75,367.0,935.0,26883.0
80.0,315.0,935.0,315.0,105.0,935.0,233.75,1291.0,645.5,912.0,379.0,104.0,136.0,145.1659731,105.0,233.75,315.0,935.0,26883.0
80.0,361.0,935.0,361.0,120.3333333,935.0,233.75,12173.0,6086.5,8505.0,3668.0,104.0,136.0,58.42714135,120.3333333,233.75,361.0,935.0,26883.0
80.0,0.0,0.0,0.0,0.0,0.0,0.0,41.0,41.0,41.0,41.0,64.0,0.0,48780.4878,0.0,0.0,0.0,0.0,225.0
80.0,362.0,935.0,362.0,120.6666667,935.0,233.75,25482.0,12741.0,25224.0,258.0,104.0,136.0,109.6371012,120.6666667,233.75,362.0,935.0,26883.0
80.0,374.0,935.0,374.0,124.6666667,935.0,233.75,20208.0,10104.0,19952.0,256.0,104.0,136.0,61.74109899,124.6666667,233.75,374.0,935.0,26883.0
80.0,377.0,935.0,377.0,125.6666667,935.0,233.75,43926.0,21963.0,43588.0,338.0,104.0,136.0,65.42647155,125.6666667,233.75,377.0,935.0,26883.0
80.0,308.0,935.0,308.0,102.6666667,935.0,233.75,485.0,242.5,389.0,96.0,104.0,136.0,775.1937984,102.6666667,233.75,308.0,935.0,26883.0
80.0,357.0,935.0,357.0,119.0,935.0,233.75,27383.0,13691.5,27073.0,310.0,104.0,136.0,69.32088638,119.0,233.75,357.0,935.0,26883.0
80.0,0.0,0.0,0.0,0.0,0.0,0.0,74.0,74.0,74.0,74.0,64.0,0.0,27027.02703,0.0,0.0,0.0,0.0,225.0
80.0,362.0,935.0,362.0,120.6666667,935.0,233.75,8367.0,4183.5,7715.0,652.0,104.0,136.0,83.45155637,120.6666667,233.75,362.0,935.0,26883.0
80.0,376.0,935.0,376.0,125.3333333,935.0,233.75,47926.0,23963.0,47613.0,313.0,104.0,136.0,61.3308801,125.3333333,233.75,376.0,935.0,26883.0
80.0,369.0,935.0,369.0,123.0,935.0,233.75,36769.0,18384.5,36469.0,300.0,104.0,136.0,77.93219899,123.0,233.75,369.0,935.0,26883.0
80.0,0.0,0.0,0.0,0.0,0.0,0.0,63.0,63.0,63.0,63.0,64.0,0.0,31746.03175,0.0,0.0,0.0,0.0,225.0
80.0,352.0,935.0,352.0,117.3333333,935.0,233.75,11515.0,5757.5,11234.0,281.0,104.0,136.0,133.60053440000002,117.3333333,233.75,352.0,935.0,26883.0
80.0,366.0,935.0,366.0,122.0,935.0,233.75,1222.0,611.0,708.0,514.0,104.0,136.0,70.27406887,122.0,233.75,366.0,935.0,26883.0
80.0,331.0,935.0,331.0,110.3333333,935.0,233.75,16882.0,8441.0,16551.0,331.0,104.0,136.0,110.2657404,110.3333333,233.75,331.0,935.0,26883.0
80.0,366.0,935.0,366.0,122.0,935.0,233.75,17147.0,8573.5,16868.0,279.0,104.0,136.0,102.0894303,122.0,233.75,366.0,935.0,26883.0
80.0,346.0,935.0,346.0,115.3333333,935.0,233.75,25420.0,12710.0,25176.0,244.0,104.0,136.0,112.2250486,115.3333333,233.75,346.0,935.0,26883.0
80.0,318.0,935.0,318.0,106.0,935.0,233.75,13934.0,6967.0,13644.0,290.0,104.0,136.0,113.1051124,106.0,233.75,318.0,935.0,26883.0
80.0,332.0,935.0,332.0,110.6666667,935.0,233.75,38108.0,19054.0,37792.0,316.0,104.0,136.0,76.22144872,110.6666667,233.75,332.0,935.0,26883.0
80.0,349.0,935.0,349.0,116.3333333,935.0,233.75,11739.0,5869.5,10889.0,850.0,104.0,136.0,52.1975154,116.3333333,233.75,349.0,935.0,26883.0
80.0,0.0,0.0,0.0,0.0,0.0,0.0,117.0,117.0,117.0,117.0,64.0,0.0,17094.01709,0.0,0.0,0.0,0.0,225.0
80.0,406.0,935.0,406.0,135.33333330000002,935.0,233.75,8620.0,4310.0,8359.0,261.0,104.0,136.0,322.4073079,135.33333330000002,233.75,406.0,935.0,26883.0
80.0,366.0,935.0,366.0,122.0,935.0,233.75,7810.0,3905.0,7488.0,322.0,104.0,136.0,94.13241293,122.0,233.75,366.0,935.0,26883.0
80.0,356.0,935.0,356.0,118.6666667,935.0,233.75,14717.0,7358.5,14427.0,290.0,104.0,136.0,80.01066809,118.6666667,233.75,356.0,935.0,26883.0
80.0,348.0,935.0,348.0,116.0,935.0,233.75,41146.0,20573.0,40822.0,324.0,104.0,136.0,70.20992768,116.0,233.75,348.0,935.0,26883.0
80.0,368.0,935.0,368.0,122.6666667,935.0,233.75,26481.0,13240.5,26202.0,279.0,104.0,136.0,108.0886327,122.6666667,233.75,368.0,935.0,26883.0
80.0,0.0,0.0,0.0,0.0,0.0,0.0,113.0,113.0,113.0,113.0,64.0,0.0,17699.11504,0.0,0.0,0.0,0.0,225.0
80.0,0.0,0.0,0.0,0.0,0.0,0.0,109.0,109.0,109.0,109.0,64.0,0.0,18348.62385,0.0,0.0,0.0,0.0,225.0
80.0,358.0,935.0,358.0,119.3333333,935.0,233.75,10545.0,5272.5,5524.0,5021.0,104.0,136.0,62.19421179,119.3333333,233.75,358.0,935.0,26883.0
80.0,321.0,935.0,321.0,107.0,935.0,233.75,16604.0,8302.0,16278.0,326.0,104.0,136.0,100.2405774,107.0,233.75,321.0,935.0,26883.0
80.0,370.0,935.0,370.0,123.3333333,935.0,233.75,52946.0,26473.0,52713.0,233.0,104.0,136.0,46.37358561,123.3333333,233.75,370.0,935.0,26883.0
80.0,313.0,935.0,313.0,104.3333333,935.0,233.75,11837.0,5918.5,10786.0,1051.0,104.0,136.0,58.23659588,104.3333333,233.75,313.0,935.0,26883.0
80.0,290.0,935.0,290.0,96.66666667,935.0,233.75,13687.0,6843.5,13350.0,337.0,104.0,136.0,207.1823204,96.66666667,233.75,290.0,935.0,26883.0
80.0,0.0,0.0,0.0,0.0,0.0,0.0,109.0,109.0,109.0,109.0,64.0,0.0,18348.62385,0.0,0.0,0.0,0.0,225.0
80.0,309.0,935.0,309.0,103.0,935.0,233.75,9142.0,4571.0,8728.0,414.0,104.0,136.0,75.53250415,103.0,233.75,309.0,935.0,26883.0
80.0,398.0,935.0,398.0,132.6666667,935.0,233.75,1784.0,892.0,1460.0,324.0,104.0,136.0,242.6399224,132.6666667,233.75,398.0,935.0,26883.0
80.0,322.0,935.0,322.0,107.3333333,935.0,233.75,14851.0,7425.5,14593.0,258.0,104.0,136.0,194.3508681,107.3333333,233.75,322.0,935.0,26883.0
80.0,326.0,935.0,326.0,108.6666667,935.0,233.75,6177.0,3088.5,3503.0,2674.0,104.0,136.0,64.30454633,108.6666667,233.75,326.0,935.0,26883.0
80.0,0.0,0.0,0.0,0.0,0.0,0.0,26.0,26.0,26.0,26.0,64.0,0.0,76923.07692,0.0,0.0,0.0,0.0,225.0
80.0,407.0,935.0,407.0,135.66666669999998,935.0,233.75,32079.0,16039.5,31830.0,249.0,104.0,136.0,89.35751944,135.66666669999998,233.75,407.0,935.0,26883.0
80.0,352.0,935.0,352.0,117.3333333,935.0,233.75,30896.0,15448.0,30618.0,278.0,104.0,136.0,95.15351434,117.3333333,233.75,352.0,935.0,26883.0
80.0,353.0,935.0,353.0,117.6666667,935.0,233.75,19982.0,9991.0,19722.0,260.0,104.0,136.0,95.66631589,117.6666667,233.75,353.0,935.0,26883.0
80.0,334.0,935.0,334.0,111.3333333,935.0,233.75,16239.0,8119.5,15921.0,318.0,104.0,136.0,123.147654,111.3333333,233.75,334.0,935.0,26883.0
80.0,339.0,935.0,339.0,113.0,935.0,233.75,7857.0,3928.5,7614.0,243.0,104.0,136.0,256.41025640000004,113.0,233.75,339.0,935.0,26883.0
80.0,412.0,935.0,412.0,137.33333330000002,935.0,233.75,32667.0,16333.5,32322.0,345.0,104.0,136.0,85.06777066,137.33333330000002,233.75,412.0,935.0,26883.0
80.0,0.0,0.0,0.0,0.0,0.0,0.0,99.0,99.0,99.0,99.0,64.0,0.0,20202.0202,0.0,0.0,0.0,0.0,225.0
80.0,346.0,935.0,346.0,115.3333333,935.0,233.75,4795.0,2397.5,4529.0,266.0,104.0,136.0,236.4252502,115.3333333,233.75,346.0,935.0,26883.0
80.0,0.0,0.0,0.0,0.0,0.0,0.0,107.0,107.0,107.0,107.0,64.0,0.0,18691.58879,0.0,0.0,0.0,0.0,225.0
80.0,412.0,935.0,412.0,137.33333330000002,935.0,233.75,5457.0,2728.5,5191.0,266.0,104.0,136.0,442.41262350000005,137.33333330000002,233.75,412.0,935.0,26883.0
80.0,339.0,935.0,339.0,113.0,935.0,233.75,19360.0,9680.0,19117.0,243.0,104.0,136.0,143.9539347,113.0,233.75,339.0,935.0,26883.0
80.0,328.0,935.0,328.0,109.3333333,935.0,233.75,27616.0,13808.0,27117.0,499.0,104.0,136.0,104.8034934,109.3333333,233.75,328.0,935.0,26883.0
80.0,347.0,935.0,347.0,115.6666667,935.0,233.75,30565.0,15282.5,30223.0,342.0,104.0,136.0,91.94838631,115.6666667,233.75,347.0,935.0,26883.0
80.0,341.0,935.0,341.0,113.6666667,935.0,233.75,35354.0,17677.0,35093.0,261.0,104.0,136.0,47.84383771,113.6666667,233.75,341.0,935.0,26883.0
80.0,373.0,935.0,373.0,124.3333333,935.0,233.75,28046.0,14023.0,27746.0,300.0,104.0,136.0,98.08088404,124.3333333,233.75,373.0,935.0,26883.0
80.0,363.0,935.0,363.0,121.0,935.0,233.75,20728.0,10364.0,20405.0,323.0,104.0,136.0,133.46976909999998,121.0,233.75,363.0,935.0,26883.0
80.0,336.0,935.0,336.0,112.0,935.0,233.75,32613.0,16306.5,32321.0,292.0,104.0,136.0,86.75284116,112.0,233.75,336.0,935.0,26883.0
80.0,301.0,935.0,301.0,100.3333333,935.0,233.75,54415.0,27207.5,53618.0,797.0,104.0,136.0,42.30536009,100.3333333,233.75,301.0,935.0,26883.0
80.0,320.0,935.0,320.0,106.6666667,935.0,233.75,11509.0,5754.5,6450.0,5059.0,104.0,136.0,76.85607419,106.6666667,233.75,320.0,935.0,26883.0
80.0,306.0,935.0,306.0,102.0,935.0,233.75,33026.0,16513.0,32763.0,263.0,104.0,136.0,82.72438991,102.0,233.75,306.0,935.0,26883.0
80.0,304.0,935.0,304.0,101.3333333,935.0,233.75,15351.0,7675.5,15088.0,263.0,104.0,136.0,112.5534629,101.3333333,233.75,304.0,935.0,26883.0
80.0,0.0,0.0,0.0,0.0,0.0,0.0,99.0,99.0,99.0,99.0,64.0,0.0,20202.0202,0.0,0.0,0.0,0.0,225.0
80.0,0.0,0.0,0.0,0.0,0.0,0.0,88.0,88.0,88.0,88.0,64.0,0.0,22727.27273,0.0,0.0,0.0,0.0,225.0
80.0,394.0,935.0,394.0,131.3333333,935.0,233.75,26565.0,13282.5,26284.0,281.0,104.0,136.0,108.37367240000002,131.3333333,233.75,394.0,935.0,26883.0
80.0,0.0,0.0,0.0,0.0,0.0,0.0,93.0,93.0,93.0,93.0,64.0,0.0,21505.37634,0.0,0.0,0.0,0.0,225.0
80.0,367.0,935.0,367.0,122.3333333,935.0,233.75,25172.0,12586.0,23019.0,2153.0,104.0,136.0,69.37699459,122.3333333,233.75,367.0,935.0,26883.0
80.0,324.0,935.0,324.0,108.0,935.0,233.75,35081.0,17540.5,34793.0,288.0,104.0,136.0,84.81524413,108.0,233.75,324.0,935.0,26883.0
80.0,319.0,935.0,319.0,106.3333333,935.0,233.75,14678.0,7339.0,14382.0,296.0,104.0,136.0,88.04108584,106.3333333,233.75,319.0,935.0,26883.0
80.0,346.0,935.0,346.0,115.3333333,935.0,233.75,61995.0,30997.5,61669.0,326.0,104.0,136.0,29.12677916,115.3333333,233.75,346.0,935.0,26883.0
80.0,322.0,935.0,322.0,107.3333333,935.0,233.75,26260.0,13130.0,25951.0,309.0,104.0,136.0,109.733348,107.3333333,233.75,322.0,935.0,26883.0
80.0,359.0,935.0,359.0,119.6666667,935.0,233.75,10783.0,5391.5,8358.0,2425.0,104.0,136.0,55.5936475,119.6666667,233.75,359.0,935.0,26883.0
80.0,355.0,935.0,355.0,118.3333333,935.0,233.75,37033.0,18516.5,36762.0,271.0,104.0,136.0,72.81023226,118.3333333,233.75,355.0,935.0,26883.0
80.0,287.0,935.0,287.0,95.66666667,935.0,233.75,44682.0,22341.0,44381.0,301.0,104.0,136.0,36.22269714,95.66666667,233.75,287.0,935.0,26883.0
80.0,317.0,935.0,317.0,105.6666667,935.0,233.75,21871.0,10935.5,21601.0,270.0,104.0,136.0,130.53694199999998,105.6666667,233.75,317.0,935.0,26883.0
80.0,308.0,935.0,308.0,102.6666667,935.0,233.75,25757.0,12878.5,25518.0,239.0,104.0,136.0,103.950104,102.6666667,233.75,308.0,935.0,26883.0
80.0,353.0,935.0,353.0,117.6666667,935.0,233.75,11652.0,5826.0,10883.0,769.0,104.0,136.0,58.40894046,117.6666667,233.75,353.0,935.0,26883.0
80.0,373.0,935.0,373.0,124.3333333,935.0,233.75,30356.0,15178.0,29714.0,642.0,104.0,136.0,89.41877794,124.3333333,233.75,373.0,935.0,26883.0
80.0,0.0,0.0,0.0,0.0,0.0,0.0,79.0,79.0,79.0,79.0,64.0,0.0,25316.4557,0.0,0.0,0.0,0.0,225.0
80.0,332.0,935.0,332.0,66.4,935.0,311.6666667,29289.0,7322.25,26695.0,270.0,168.0,104.0,170.7125542,66.4,311.6666667,332.0,935.0,26883.0
80.0,413.0,935.0,413.0,137.66666669999998,935.0,233.75,6549.0,3274.5,6304.0,245.0,104.0,136.0,239.8273243,137.66666669999998,233.75,413.0,935.0,26883.0
80.0,332.0,935.0,332.0,110.6666667,935.0,233.75,29550.0,14775.0,29275.0,275.0,104.0,136.0,100.5058796,110.6666667,233.75,332.0,935.0,26883.0
80.0,0.0,0.0,0.0,0.0,0.0,0.0,115.0,115.0,115.0,115.0,64.0,0.0,17391.30435,0.0,0.0,0.0,0.0,225.0
80.0,0.0,0.0,0.0,0.0,0.0,0.0,87.0,87.0,87.0,87.0,64.0,0.0,22988.50575,0.0,0.0,0.0,0.0,225.0
80.0,339.0,935.0,339.0,113.0,935.0,233.75,5564.0,2782.0,5326.0,238.0,104.0,136.0,264.2007926,113.0,233.75,339.0,935.0,26883.0
80.0,364.0,935.0,364.0,121.3333333,935.0,233.75,11456.0,5728.0,9921.0,1535.0,104.0,136.0,61.19701359,121.3333333,233.75,364.0,935.0,26883.0
80.0,342.0,935.0,342.0,114.0,935.0,233.75,8036.0,4018.0,7648.0,388.0,104.0,136.0,219.0260641,114.0,233.75,342.0,935.0,26883.0
80.0,0.0,0.0,0.0,0.0,0.0,0.0,52.0,52.0,52.0,52.0,64.0,0.0,38461.53846,0.0,0.0,0.0,0.0,225.0
80.0,341.0,935.0,341.0,113.6666667,935.0,233.75,20181.0,10090.5,19883.0,298.0,104.0,136.0,49.98084068,113.6666667,233.75,341.0,935.0,26883.0
80.0,375.0,935.0,375.0,125.0,935.0,233.75,30233.0,15116.5,29955.0,278.0,104.0,136.0,88.98116565,125.0,233.75,375.0,935.0,26883.0
80.0,0.0,0.0,0.0,0.0,0.0,0.0,69.0,69.0,69.0,69.0,64.0,0.0,28985.50725,0.0,0.0,0.0,0.0,225.0
80.0,350.0,935.0,350.0,116.6666667,935.0,233.75,164984.0,82492.0,164682.0,302.0,104.0,136.0,18.01682772,116.6666667,233.75,350.0,935.0,26883.0
80.0,371.0,935.0,371.0,74.2,935.0,311.6666667,71527.0,17881.75,66600.0,144.0,168.0,104.0,69.90367274,74.2,311.6666667,371.0,935.0,26883.0
80.0,316.0,935.0,316.0,105.3333333,935.0,233.75,8290.0,4145.0,5609.0,2681.0,104.0,136.0,58.78664367,105.3333333,233.75,316.0,935.0,26883.0
80.0,408.0,935.0,408.0,136.0,935.0,233.75,17215.0,8607.5,16948.0,267.0,104.0,136.0,74.43799315,136.0,233.75,408.0,935.0,26883.0
80.0,326.0,935.0,326.0,108.6666667,935.0,233.75,26371.0,13185.5,26104.0,267.0,104.0,136.0,98.70044415,108.6666667,233.75,326.0,935.0,26883.0
80.0,369.0,935.0,369.0,123.0,935.0,233.75,37995.0,18997.5,37662.0,333.0,104.0,136.0,77.11091119,123.0,233.75,369.0,935.0,26883.0
80.0,413.0,935.0,413.0,137.66666669999998,935.0,233.75,6569.0,3284.5,6282.0,287.0,104.0,136.0,319.0810466,137.66666669999998,233.75,413.0,935.0,26883.0
80.0,295.0,935.0,295.0,98.33333333,935.0,233.75,16249.0,8124.5,15984.0,265.0,104.0,136.0,164.8714003,98.33333333,233.75,295.0,935.0,26883.0
80.0,293.0,935.0,293.0,97.66666667,935.0,233.75,32430.0,16215.0,32040.0,390.0,104.0,136.0,86.36573008,97.66666667,233.75,293.0,935.0,26883.0
80.0,0.0,0.0,0.0,0.0,0.0,0.0,65.0,65.0,65.0,65.0,64.0,0.0,30769.23077,0.0,0.0,0.0,0.0,225.0
80.0,309.0,935.0,309.0,103.0,935.0,233.75,28853.0,14426.5,28572.0,281.0,104.0,136.0,98.62257142,103.0,233.75,309.0,935.0,26883.0
80.0,372.0,935.0,372.0,124.0,935.0,233.75,23946.0,11973.0,23660.0,286.0,104.0,136.0,118.8919272,124.0,233.75,372.0,935.0,26883.0
80.0,344.0,935.0,344.0,114.6666667,935.0,233.75,13412.0,6706.0,10789.0,2623.0,104.0,136.0,52.82434146,114.6666667,233.75,344.0,935.0,26883.0
80.0,359.0,935.0,359.0,119.6666667,935.0,233.75,31551.0,15775.5,31271.0,280.0,104.0,136.0,92.67840593,119.6666667,233.75,359.0,935.0,26883.0
80.0,0.0,0.0,0.0,0.0,0.0,0.0,92.0,92.0,92.0,92.0,64.0,0.0,21739.13043,0.0,0.0,0.0,0.0,225.0
80.0,377.0,935.0,377.0,125.6666667,935.0,233.75,27645.0,13822.5,27298.0,347.0,104.0,136.0,102.5220422,125.6666667,233.75,377.0,935.0,26883.0
80.0,0.0,0.0,0.0,0.0,0.0,0.0,84.0,84.0,84.0,84.0,64.0,0.0,23809.52381,0.0,0.0,0.0,0.0,225.0
80.0,343.0,935.0,343.0,114.3333333,935.0,233.75,29122.0,14561.0,28834.0,288.0,104.0,136.0,98.43811524,114.3333333,233.75,343.0,935.0,26883.0
80.0,384.0,935.0,384.0,128.0,935.0,233.75,20743.0,10371.5,20408.0,335.0,104.0,136.0,72.40954841,128.0,233.75,384.0,935.0,26883.0
80.0,304.0,935.0,304.0,101.3333333,935.0,233.75,7644.0,3822.0,7367.0,277.0,104.0,136.0,169.5106792,101.3333333,233.75,304.0,935.0,26883.0
80.0,373.0,935.0,373.0,124.3333333,935.0,233.75,3966.0,1983.0,3726.0,240.0,104.0,136.0,467.1441918,124.3333333,233.75,373.0,935.0,26883.0
80.0,360.0,935.0,360.0,120.0,935.0,233.75,30349.0,15174.5,30033.0,316.0,104.0,136.0,85.85164835,120.0,233.75,360.0,935.0,26883.0
80.0,341.0,935.0,341.0,113.6666667,935.0,233.75,40940.0,20470.0,40667.0,273.0,104.0,136.0,44.25627333,113.6666667,233.75,341.0,935.0,26883.0
80.0,0.0,0.0,0.0,0.0,0.0,0.0,113.0,113.0,113.0,113.0,64.0,0.0,17699.11504,0.0,0.0,0.0,0.0,225.0
80.0,329.0,935.0,329.0,109.6666667,935.0,233.75,11543.0,5771.5,6616.0,4927.0,104.0,136.0,55.86488147,109.6666667,233.75,329.0,935.0,26883.0
80.0,349.0,935.0,349.0,116.3333333,935.0,233.75,1522.0,761.0,872.0,650.0,104.0,136.0,69.85354041,116.3333333,233.75,349.0,935.0,26883.0
80.0,596.0,935.0,298.0,149.0,935.0,233.75,214117.0,71372.33333,209173.0,654.0,136.0,136.0,15.48131405,149.0,233.75,596.0,935.0,26883.0
80.0,293.0,935.0,293.0,97.66666667,935.0,233.75,25202.0,12601.0,24828.0,374.0,104.0,136.0,52.59743675,97.66666667,233.75,293.0,935.0,26883.0
80.0,0.0,0.0,0.0,0.0,0.0,0.0,101.0,101.0,101.0,101.0,64.0,0.0,19801.9802,0.0,0.0,0.0,0.0,225.0
80.0,349.0,935.0,349.0,116.3333333,935.0,233.75,11406.0,5703.0,11086.0,320.0,104.0,136.0,65.63546065,116.3333333,233.75,349.0,935.0,26883.0
80.0,351.0,935.0,351.0,117.0,935.0,233.75,42001.0,21000.5,41741.0,260.0,104.0,136.0,42.75879762,117.0,233.75,351.0,935.0,26883.0
80.0,359.0,935.0,359.0,119.6666667,935.0,233.75,7939.0,3969.5,7691.0,248.0,104.0,136.0,288.7113849,119.6666667,233.75,359.0,935.0,26883.0
80.0,0.0,0.0,0.0,0.0,0.0,0.0,105.0,105.0,105.0,105.0,64.0,0.0,19047.61905,0.0,0.0,0.0,0.0,225.0
80.0,301.0,935.0,301.0,100.3333333,935.0,233.75,20362.0,10181.0,20065.0,297.0,104.0,136.0,137.29977119999998,100.3333333,233.75,301.0,935.0,26883.0
80.0,361.0,935.0,361.0,120.3333333,935.0,233.75,25802.0,12901.0,25504.0,298.0,104.0,136.0,108.2094936,120.3333333,233.75,361.0,935.0,26883.0
80.0,351.0,935.0,351.0,117.0,935.0,233.75,10476.0,5238.0,10206.0,270.0,104.0,136.0,237.699073,117.0,233.75,351.0,935.0,26883.0
80.0,313.0,935.0,313.0,104.3333333,935.0,233.75,39676.0,19838.0,39409.0,267.0,104.0,136.0,72.67793982,104.3333333,233.75,313.0,935.0,26883.0
80.0,336.0,935.0,336.0,112.0,935.0,233.75,28339.0,14169.5,28092.0,247.0,104.0,136.0,102.7080694,112.0,233.75,336.0,935.0,26883.0
80.0,0.0,0.0,0.0,0.0,0.0,0.0,104.0,104.0,104.0,104.0,64.0,0.0,19230.76923,0.0,0.0,0.0,0.0,225.0
80.0,352.0,935.0,352.0,117.3333333,935.0,233.75,33376.0,16688.0,33091.0,285.0,104.0,136.0,88.94686907,117.3333333,233.75,352.0,935.0,26883.0
80.0,361.0,935.0,361.0,120.3333333,935.0,233.75,1038.0,519.0,957.0,81.0,104.0,136.0,103.0184403,120.3333333,233.75,361.0,935.0,26883.0
80.0,324.0,935.0,324.0,108.0,935.0,233.75,22619.0,11309.5,14183.0,8436.0,104.0,136.0,44.50708404,108.0,233.75,324.0,935.0,26883.0
80.0,343.0,935.0,343.0,114.3333333,935.0,233.75,10117.0,5058.5,8575.0,1542.0,104.0,136.0,58.23885697,114.3333333,233.75,343.0,935.0,26883.0
80.0,323.0,935.0,323.0,107.6666667,935.0,233.75,372.0,186.0,350.0,22.0,104.0,136.0,106.8299979,107.6666667,233.75,323.0,935.0,26883.0
80.0,372.0,935.0,372.0,124.0,935.0,233.75,29181.0,14590.5,28937.0,244.0,104.0,136.0,96.03995262,124.0,233.75,372.0,935.0,26883.0
80.0,406.0,935.0,406.0,101.5,935.0,233.75,73197.0,24399.0,39452.0,345.0,136.0,136.0,54.42399009,101.5,233.75,406.0,935.0,26883.0
80.0,326.0,935.0,326.0,108.6666667,935.0,233.75,1503.0,751.5,1204.0,299.0,104.0,136.0,954.5020681,108.6666667,233.75,326.0,935.0,26883.0
80.0,293.0,935.0,293.0,97.66666667,935.0,233.75,12142.0,6071.0,10591.0,1551.0,104.0,136.0,59.18443844,97.66666667,233.75,293.0,935.0,26883.0
80.0,305.0,935.0,305.0,101.6666667,935.0,233.75,33428.0,16714.0,33159.0,269.0,104.0,136.0,86.80053238,101.6666667,233.75,305.0,935.0,26883.0
80.0,415.0,935.0,415.0,138.33333330000002,935.0,233.75,18367.0,9183.5,18111.0,256.0,104.0,136.0,79.11392405,138.33333330000002,233.75,415.0,935.0,26883.0
80.0,348.0,935.0,348.0,116.0,935.0,233.75,14570.0,7285.0,14289.0,281.0,104.0,136.0,178.422743,116.0,233.75,348.0,935.0,26883.0
80.0,335.0,935.0,335.0,111.6666667,935.0,233.75,6311.0,3155.5,5056.0,1255.0,104.0,136.0,59.84798612,111.6666667,233.75,335.0,935.0,26883.0
80.0,410.0,935.0,410.0,136.66666669999998,935.0,233.75,26424.0,13212.0,26128.0,296.0,104.0,136.0,102.7045532,136.66666669999998,233.75,410.0,935.0,26883.0
80.0,369.0,935.0,369.0,123.0,935.0,233.75,5992.0,2996.0,5732.0,260.0,104.0,136.0,213.9952921,123.0,233.75,369.0,935.0,26883.0
80.0,322.0,935.0,322.0,107.3333333,935.0,233.75,33933.0,16966.5,33691.0,242.0,104.0,136.0,81.08327252,107.3333333,233.75,322.0,935.0,26883.0
80.0,326.0,935.0,326.0,108.6666667,935.0,233.75,2872.0,1436.0,1508.0,1364.0,104.0,136.0,65.02373366,108.6666667,233.75,326.0,935.0,26883.0
80.0,353.0,935.0,353.0,117.6666667,935.0,233.75,22956.0,11478.0,22658.0,298.0,104.0,136.0,64.09982479,117.6666667,233.75,353.0,935.0,26883.0
80.0,398.0,935.0,398.0,132.6666667,935.0,233.75,22383.0,11191.5,22121.0,262.0,104.0,136.0,107.7663625,132.6666667,233.75,398.0,935.0,26883.0
80.0,0.0,0.0,0.0,0.0,0.0,0.0,117.0,117.0,117.0,117.0,64.0,0.0,17094.01709,0.0,0.0,0.0,0.0,225.0
80.0,0.0,0.0,0.0,0.0,0.0,0.0,110.0,110.0,110.0,110.0,64.0,0.0,18181.81818,0.0,0.0,0.0,0.0,225.0
80.0,378.0,935.0,378.0,126.0,935.0,233.75,24612.0,12306.0,24360.0,252.0,104.0,136.0,106.5151784,126.0,233.75,378.0,935.0,26883.0
80.0,373.0,935.0,373.0,124.3333333,935.0,233.75,27820.0,13910.0,27511.0,309.0,104.0,136.0,101.822625,124.3333333,233.75,373.0,935.0,26883.0
80.0,330.0,935.0,330.0,110.0,935.0,233.75,6975.0,3487.5,5872.0,1103.0,104.0,136.0,61.79578553,110.0,233.75,330.0,935.0,26883.0
80.0,335.0,935.0,335.0,111.6666667,935.0,233.75,11542.0,5771.0,8077.0,3465.0,104.0,136.0,76.25632292,111.6666667,233.75,335.0,935.0,26883.0
80.0,324.0,935.0,324.0,108.0,935.0,233.75,6093.0,3046.5,3249.0,2844.0,104.0,136.0,57.46575998,108.0,233.75,324.0,935.0,26883.0
80.0,354.0,935.0,354.0,88.5,935.0,233.75,1029745.0,343248.3333,1017883.0,2795.0,144.0,136.0,3.720504538,88.5,233.75,354.0,935.0,26883.0
80.0,321.0,935.0,321.0,107.0,935.0,233.75,10707.0,5353.5,9271.0,1436.0,104.0,136.0,63.183168,107.0,233.75,321.0,935.0,26883.0
80.0,342.0,935.0,342.0,114.0,935.0,233.75,11041.0,5520.5,9265.0,1776.0,104.0,136.0,56.07371825,114.0,233.75,342.0,935.0,26883.0
80.0,352.0,935.0,352.0,117.3333333,935.0,233.75,35421.0,17710.5,35093.0,328.0,104.0,136.0,79.99573356,117.3333333,233.75,352.0,935.0,26883.0
80.0,356.0,935.0,356.0,118.6666667,935.0,233.75,11413.0,5706.5,8106.0,3307.0,104.0,136.0,56.67863216,118.6666667,233.75,356.0,935.0,26883.0
80.0,365.0,935.0,365.0,121.6666667,935.0,233.75,31808.0,15904.0,31551.0,257.0,104.0,136.0,86.17470485,121.6666667,233.75,365.0,935.0,26883.0
80.0,311.0,935.0,311.0,77.75,935.0,233.75,31766.0,10588.66667,26860.0,320.0,136.0,136.0,125.8217735,77.75,233.75,311.0,935.0,26883.0
80.0,367.0,935.0,367.0,122.3333333,935.0,233.75,17631.0,8815.5,17322.0,309.0,104.0,136.0,166.5278934,122.3333333,233.75,367.0,935.0,26883.0
80.0,288.0,935.0,288.0,96.0,935.0,233.75,14257.0,7128.5,13993.0,264.0,104.0,136.0,77.5374118,96.0,233.75,288.0,935.0,26883.0
80.0,0.0,0.0,0.0,0.0,0.0,0.0,106.0,106.0,106.0,106.0,64.0,0.0,18867.92453,0.0,0.0,0.0,0.0,225.0
80.0,349.0,935.0,349.0,116.3333333,935.0,233.75,12182.0,6091.0,9984.0,2198.0,104.0,136.0,59.24053632,116.3333333,233.75,349.0,935.0,26883.0
80.0,397.0,935.0,397.0,132.3333333,935.0,233.75,48671.0,24335.5,48398.0,273.0,104.0,136.0,43.74198064,132.3333333,233.75,397.0,935.0,26883.0
80.0,287.0,935.0,287.0,95.66666667,935.0,233.75,25256.0,12628.0,25002.0,254.0,104.0,136.0,56.6048416,95.66666667,233.75,287.0,935.0,26883.0
80.0,0.0,0.0,0.0,0.0,0.0,0.0,85.0,85.0,85.0,85.0,64.0,0.0,23529.41176,0.0,0.0,0.0,0.0,225.0
80.0,309.0,935.0,309.0,103.0,935.0,233.75,33323.0,16661.5,33063.0,260.0,104.0,136.0,85.392235,103.0,233.75,309.0,935.0,26883.0
80.0,350.0,935.0,350.0,116.6666667,935.0,233.75,28561.0,14280.5,28247.0,314.0,104.0,136.0,74.55453664,116.6666667,233.75,350.0,935.0,26883.0
80.0,0.0,0.0,0.0,0.0,0.0,0.0,106.0,106.0,106.0,106.0,64.0,0.0,18867.92453,0.0,0.0,0.0,0.0,225.0
80.0,322.0,935.0,322.0,107.3333333,935.0,233.75,8453.0,4226.5,8212.0,241.0,104.0,136.0,114.8325359,107.3333333,233.75,322.0,935.0,26883.0
80.0,347.0,935.0,347.0,115.6666667,935.0,233.75,1726.0,863.0,1231.0,495.0,104.0,136.0,275.17886630000004,115.6666667,233.75,347.0,935.0,26883.0
80.0,349.0,935.0,349.0,116.3333333,935.0,233.75,9698.0,4849.0,5277.0,4421.0,104.0,136.0,58.58917272,116.3333333,233.75,349.0,935.0,26883.0
80.0,413.0,935.0,413.0,137.66666669999998,935.0,233.75,22961.0,11480.5,22702.0,259.0,104.0,136.0,55.42110805,137.66666669999998,233.75,413.0,935.0,26883.0
80.0,350.0,935.0,350.0,116.6666667,935.0,233.75,16030.0,8015.0,15806.0,224.0,104.0,136.0,49.08216354,116.6666667,233.75,350.0,935.0,26883.0
80.0,0.0,0.0,0.0,0.0,0.0,0.0,38.0,38.0,38.0,38.0,64.0,0.0,52631.57895,0.0,0.0,0.0,0.0,225.0
80.0,0.0,0.0,0.0,0.0,0.0,0.0,115.0,115.0,115.0,115.0,64.0,0.0,17391.30435,0.0,0.0,0.0,0.0,225.0
80.0,0.0,0.0,0.0,0.0,0.0,0.0,58.0,58.0,58.0,58.0,64.0,0.0,34482.75862,0.0,0.0,0.0,0.0,225.0
80.0,0.0,0.0,0.0,0.0,0.0,0.0,90.0,90.0,90.0,90.0,64.0,0.0,22222.22222,0.0,0.0,0.0,0.0,225.0
80.0,415.0,935.0,415.0,138.33333330000002,935.0,233.75,50812.0,25406.0,50315.0,497.0,104.0,136.0,42.51278926,138.33333330000002,233.75,415.0,935.0,26883.0
80.0,348.0,935.0,348.0,116.0,935.0,233.75,6434.0,3217.0,3453.0,2981.0,104.0,136.0,65.84434397,116.0,233.75,348.0,935.0,26883.0
80.0,321.0,935.0,321.0,107.0,935.0,233.75,21502.0,10751.0,21244.0,258.0,104.0,136.0,126.8874508,107.0,233.75,321.0,935.0,26883.0
80.0,355.0,935.0,355.0,118.3333333,935.0,233.75,11789.0,5894.5,8673.0,3116.0,104.0,136.0,58.86970173,118.3333333,233.75,355.0,935.0,26883.0
80.0,348.0,935.0,348.0,116.0,935.0,233.75,38688.0,19344.0,38285.0,403.0,104.0,136.0,48.72819413,116.0,233.75,348.0,935.0,26883.0
80.0,329.0,935.0,329.0,109.6666667,935.0,233.75,29306.0,14653.0,29072.0,234.0,104.0,136.0,66.35406529,109.6666667,233.75,329.0,935.0,26883.0
80.0,373.0,935.0,373.0,124.3333333,935.0,233.75,21478.0,10739.0,21146.0,332.0,104.0,136.0,97.43739647,124.3333333,233.75,373.0,935.0,26883.0
80.0,359.0,935.0,359.0,89.75,935.0,233.75,1025003.0,341667.6667,1023031.0,510.0,144.0,136.0,3.870306044,89.75,233.75,359.0,935.0,26883.0
80.0,404.0,935.0,404.0,134.66666669999998,935.0,233.75,30371.0,15185.5,30004.0,367.0,104.0,136.0,97.13138639,134.66666669999998,233.75,404.0,935.0,26883.0
80.0,372.0,935.0,372.0,124.0,935.0,233.75,6496.0,3248.0,3541.0,2955.0,104.0,136.0,65.15789931,124.0,233.75,372.0,935.0,26883.0
80.0,0.0,0.0,0.0,0.0,0.0,0.0,47.0,47.0,47.0,47.0,64.0,0.0,42553.19149,0.0,0.0,0.0,0.0,225.0
80.0,0.0,0.0,0.0,0.0,0.0,0.0,26.0,26.0,26.0,26.0,64.0,0.0,76923.07692,0.0,0.0,0.0,0.0,225.0
80.0,377.0,935.0,377.0,125.6666667,935.0,233.75,36779.0,18389.5,36456.0,323.0,104.0,136.0,73.07982753,125.6666667,233.75,377.0,935.0,26883.0
80.0,327.0,935.0,327.0,109.0,935.0,233.75,8360.0,4180.0,8110.0,250.0,104.0,136.0,262.5820569,109.0,233.75,327.0,935.0,26883.0
80.0,0.0,0.0,0.0,0.0,0.0,0.0,10.0,10.0,10.0,10.0,64.0,0.0,200000.0,0.0,0.0,0.0,0.0,225.0
80.0,305.0,935.0,305.0,101.6666667,935.0,233.75,17503.0,8751.5,10227.0,7276.0,104.0,136.0,65.20179957,101.6666667,233.75,305.0,935.0,26883.0
80.0,329.0,935.0,329.0,109.6666667,935.0,233.75,12362.0,6181.0,10576.0,1786.0,104.0,136.0,55.30361686,109.6666667,233.75,329.0,935.0,26883.0
80.0,351.0,935.0,351.0,117.0,935.0,233.75,3041.0,1520.5,2757.0,284.0,104.0,136.0,523.6515971,117.0,233.75,351.0,935.0,26883.0
80.0,365.0,935.0,365.0,121.6666667,935.0,233.75,30391.0,15195.5,30099.0,292.0,104.0,136.0,91.60585056,121.6666667,233.75,365.0,935.0,26883.0
80.0,355.0,935.0,355.0,118.3333333,935.0,233.75,8802.0,4401.0,8541.0,261.0,104.0,136.0,97.69123058,118.3333333,233.75,355.0,935.0,26883.0
80.0,347.0,935.0,347.0,115.6666667,935.0,233.75,36401.0,18200.5,36116.0,285.0,104.0,136.0,81.79513046,115.6666667,233.75,347.0,935.0,26883.0
80.0,330.0,935.0,330.0,110.0,935.0,233.75,16345.0,8172.5,16049.0,296.0,104.0,136.0,166.6388935,110.0,233.75,330.0,935.0,26883.0
80.0,366.0,935.0,366.0,122.0,935.0,233.75,25837.0,12918.5,25508.0,329.0,104.0,136.0,101.0203051,122.0,233.75,366.0,935.0,26883.0
80.0,344.0,935.0,344.0,114.6666667,935.0,233.75,17157.0,8578.5,16886.0,271.0,104.0,136.0,79.76177816,114.6666667,233.75,344.0,935.0,26883.0
80.0,320.0,935.0,320.0,106.6666667,935.0,233.75,30144.0,15072.0,29904.0,240.0,104.0,136.0,97.60541385,106.6666667,233.75,320.0,935.0,26883.0
80.0,307.0,935.0,307.0,102.3333333,935.0,233.75,119209.0,59604.5,118931.0,278.0,104.0,136.0,24.92211838,102.3333333,233.75,307.0,935.0,26883.0
80.0,301.0,935.0,301.0,100.3333333,935.0,233.75,32382.0,16191.0,32112.0,270.0,104.0,136.0,61.71188777,100.3333333,233.75,301.0,935.0,26883.0
80.0,322.0,935.0,322.0,107.3333333,935.0,233.75,9998.0,4999.0,7587.0,2411.0,104.0,136.0,73.12079555,107.3333333,233.75,322.0,935.0,26883.0
80.0,344.0,935.0,344.0,114.6666667,935.0,233.75,35008.0,17504.0,34727.0,281.0,104.0,136.0,50.12782596,114.6666667,233.75,344.0,935.0,26883.0
80.0,309.0,935.0,309.0,103.0,935.0,233.75,935.0,467.5,835.0,100.0,104.0,136.0,573.6137667,103.0,233.75,309.0,935.0,26883.0
80.0,359.0,935.0,359.0,119.6666667,935.0,233.75,62490.0,31245.0,62168.0,322.0,104.0,136.0,31.40144656,119.6666667,233.75,359.0,935.0,26883.0
80.0,359.0,935.0,359.0,119.6666667,935.0,233.75,21617.0,10808.5,21297.0,320.0,104.0,136.0,118.3665417,119.6666667,233.75,359.0,935.0,26883.0
80.0,368.0,935.0,368.0,122.6666667,935.0,233.75,6726.0,3363.0,3491.0,3235.0,104.0,136.0,61.05875888,122.6666667,233.75,368.0,935.0,26883.0
80.0,367.0,935.0,367.0,122.3333333,935.0,233.75,12071.0,6035.5,11192.0,879.0,104.0,136.0,43.35322765,122.3333333,233.75,367.0,935.0,26883.0
80.0,332.0,935.0,332.0,110.6666667,935.0,233.75,22796.0,11398.0,22535.0,261.0,104.0,136.0,77.13073659999998,110.6666667,233.75,332.0,935.0,26883.0
80.0,0.0,0.0,0.0,0.0,0.0,0.0,9.0,9.0,9.0,9.0,64.0,0.0,222222.2222,0.0,0.0,0.0,0.0,225.0
80.0,325.0,935.0,325.0,108.3333333,935.0,233.75,5602.0,2801.0,2859.0,2743.0,104.0,136.0,58.50348096,108.3333333,233.75,325.0,935.0,26883.0
80.0,392.0,935.0,392.0,130.6666667,935.0,233.75,4666.0,2333.0,4365.0,301.0,104.0,136.0,116.5274811,130.6666667,233.75,392.0,935.0,26883.0
80.0,362.0,935.0,362.0,120.6666667,935.0,233.75,7326.0,3663.0,7057.0,269.0,104.0,136.0,169.7216565,120.6666667,233.75,362.0,935.0,26883.0
80.0,327.0,935.0,327.0,109.0,935.0,233.75,39019.0,19509.5,38636.0,383.0,104.0,136.0,71.75145297,109.0,233.75,327.0,935.0,26883.0
80.0,361.0,935.0,361.0,120.3333333,935.0,233.75,17803.0,8901.5,17547.0,256.0,104.0,136.0,108.97598899999998,120.3333333,233.75,361.0,935.0,26883.0
80.0,0.0,0.0,0.0,0.0,0.0,0.0,23.0,23.0,23.0,23.0,64.0,0.0,86956.52174,0.0,0.0,0.0,0.0,225.0
80.0,329.0,935.0,329.0,109.6666667,935.0,233.75,7707.0,3853.5,7429.0,278.0,104.0,136.0,125.6807708,109.6666667,233.75,329.0,935.0,26883.0
80.0,354.0,935.0,354.0,118.0,935.0,233.75,24679.0,12339.5,24313.0,366.0,104.0,136.0,117.8967225,118.0,233.75,354.0,935.0,26883.0
80.0,292.0,935.0,292.0,97.33333333,935.0,233.75,30410.0,15205.0,30132.0,278.0,104.0,136.0,95.74875527,97.33333333,233.75,292.0,935.0,26883.0
80.0,398.0,935.0,398.0,132.6666667,935.0,233.75,6884.0,3442.0,3536.0,3348.0,104.0,136.0,65.83856384,132.6666667,233.75,398.0,935.0,26883.0
80.0,338.0,935.0,338.0,112.6666667,935.0,233.75,5893.0,2946.5,4886.0,1007.0,104.0,136.0,64.26735219,112.6666667,233.75,338.0,935.0,26883.0
80.0,349.0,935.0,349.0,87.25,935.0,233.75,33802.0,11267.33333,28990.0,347.0,136.0,136.0,117.2058134,87.25,233.75,349.0,935.0,26883.0
80.0,0.0,0.0,0.0,0.0,0.0,0.0,96.0,96.0,96.0,96.0,64.0,0.0,20833.33333,0.0,0.0,0.0,0.0,225.0
80.0,0.0,0.0,0.0,0.0,0.0,0.0,94.0,94.0,94.0,94.0,64.0,0.0,21276.59574,0.0,0.0,0.0,0.0,225.0
80.0,310.0,935.0,310.0,103.3333333,935.0,233.75,12317.0,6158.5,12054.0,263.0,104.0,136.0,133.4638313,103.3333333,233.75,310.0,935.0,26883.0
80.0,1230.0,935.0,410.0,246.0,935.0,233.75,459735.0,114933.75,206856.0,1788.0,168.0,136.0,10.7787426,246.0,233.75,1230.0,935.0,26883.0
80.0,345.0,935.0,345.0,115.0,935.0,233.75,13250.0,6625.0,11419.0,1831.0,104.0,136.0,52.1648409,115.0,233.75,345.0,935.0,26883.0
80.0,337.0,935.0,337.0,112.3333333,935.0,233.75,9644.0,4822.0,8141.0,1503.0,104.0,136.0,63.46117234,112.3333333,233.75,337.0,935.0,26883.0
80.0,0.0,0.0,0.0,0.0,0.0,0.0,60.0,60.0,60.0,60.0,64.0,0.0,33333.33333,0.0,0.0,0.0,0.0,225.0
80.0,340.0,935.0,340.0,113.3333333,935.0,233.75,10955.0,5477.5,8620.0,2335.0,104.0,136.0,261.4151272,113.3333333,233.75,340.0,935.0,26883.0
80.0,0.0,0.0,0.0,0.0,0.0,0.0,74.0,74.0,74.0,74.0,64.0,0.0,27027.02703,0.0,0.0,0.0,0.0,225.0
80.0,314.0,935.0,314.0,104.6666667,935.0,233.75,8757.0,4378.5,8460.0,297.0,104.0,136.0,84.10428932,104.6666667,233.75,314.0,935.0,26883.0
80.0,328.0,935.0,328.0,109.3333333,935.0,233.75,55075.0,27537.5,54806.0,269.0,104.0,136.0,33.81119827,109.3333333,233.75,328.0,935.0,26883.0
80.0,300.0,935.0,300.0,100.0,935.0,233.75,26102.0,13051.0,25828.0,274.0,104.0,136.0,109.1464746,100.0,233.75,300.0,935.0,26883.0
80.0,360.0,935.0,360.0,120.0,935.0,233.75,41023.0,20511.5,40468.0,555.0,104.0,136.0,56.41324583,120.0,233.75,360.0,935.0,26883.0
80.0,375.0,935.0,375.0,125.0,935.0,233.75,28512.0,14256.0,28122.0,390.0,104.0,136.0,100.2908434,125.0,233.75,375.0,935.0,26883.0
80.0,360.0,935.0,360.0,120.0,935.0,233.75,11318.0,5659.0,10013.0,1305.0,104.0,136.0,62.96171927,120.0,233.75,360.0,935.0,26883.0
80.0,361.0,935.0,361.0,120.3333333,935.0,233.75,33007.0,16503.5,32762.0,245.0,104.0,136.0,66.57050926,120.3333333,233.75,361.0,935.0,26883.0
80.0,0.0,0.0,0.0,0.0,0.0,0.0,77.0,77.0,77.0,77.0,64.0,0.0,25974.02597,0.0,0.0,0.0,0.0,225.0
80.0,0.0,0.0,0.0,0.0,0.0,0.0,69.0,69.0,69.0,69.0,64.0,0.0,28985.50725,0.0,0.0,0.0,0.0,225.0
80.0,0.0,0.0,0.0,0.0,0.0,0.0,27.0,27.0,27.0,27.0,64.0,0.0,74074.07407,0.0,0.0,0.0,0.0,225.0
80.0,350.0,935.0,350.0,116.6666667,935.0,233.75,18035.0,9017.5,17775.0,260.0,104.0,136.0,46.67081518,116.6666667,233.75,350.0,935.0,26883.0
80.0,292.0,935.0,292.0,97.33333333,935.0,233.75,23120.0,11560.0,22836.0,284.0,104.0,136.0,111.2677101,97.33333333,233.75,292.0,935.0,26883.0
80.0,408.0,935.0,408.0,136.0,935.0,233.75,44385.0,22192.5,44141.0,244.0,104.0,136.0,65.06180872,136.0,233.75,408.0,935.0,26883.0
80.0,356.0,935.0,356.0,118.6666667,935.0,233.75,7192.0,3596.0,6075.0,1117.0,104.0,136.0,148.5736926,118.6666667,233.75,356.0,935.0,26883.0
80.0,372.0,935.0,372.0,124.0,935.0,233.75,37668.0,18834.0,37341.0,327.0,104.0,136.0,71.88900338,124.0,233.75,372.0,935.0,26883.0
80.0,305.0,935.0,305.0,101.6666667,935.0,233.75,7211.0,3605.5,4584.0,2627.0,104.0,136.0,61.95147135,101.6666667,233.75,305.0,935.0,26883.0
80.0,353.0,935.0,353.0,117.6666667,935.0,233.75,2811.0,1405.5,2474.0,337.0,104.0,136.0,172.6718084,117.6666667,233.75,353.0,935.0,26883.0
80.0,329.0,935.0,329.0,109.6666667,935.0,233.75,6716.0,3358.0,3409.0,3307.0,104.0,136.0,56.32322019,109.6666667,233.75,329.0,935.0,26883.0
80.0,314.0,935.0,314.0,104.6666667,935.0,233.75,30723.0,15361.5,30440.0,283.0,104.0,136.0,91.94275031,104.6666667,233.75,314.0,935.0,26883.0
80.0,325.0,935.0,325.0,65.0,935.0,311.6666667,63839.0,15959.75,45289.0,281.0,168.0,104.0,78.32202885,65.0,311.6666667,325.0,935.0,26883.0
80.0,319.0,935.0,319.0,106.3333333,935.0,233.75,10225.0,5112.5,9284.0,941.0,104.0,136.0,88.99700377,106.3333333,233.75,319.0,935.0,26883.0
80.0,347.0,935.0,347.0,115.6666667,935.0,233.75,15909.0,7954.5,15556.0,353.0,104.0,136.0,60.40957693,115.6666667,233.75,347.0,935.0,26883.0
80.0,342.0,935.0,342.0,114.0,935.0,233.75,27914.0,13957.0,27634.0,280.0,104.0,136.0,51.35843049,114.0,233.75,342.0,935.0,26883.0
80.0,323.0,935.0,323.0,107.6666667,935.0,233.75,42478.0,21239.0,42154.0,324.0,104.0,136.0,69.79665907,107.6666667,233.75,323.0,935.0,26883.0
80.0,0.0,0.0,0.0,0.0,0.0,0.0,89.0,89.0,89.0,89.0,64.0,0.0,22471.91011,0.0,0.0,0.0,0.0,225.0
80.0,355.0,935.0,355.0,118.3333333,935.0,233.75,11737.0,5868.5,11447.0,290.0,104.0,136.0,132.3977228,118.3333333,233.75,355.0,935.0,26883.0
80.0,355.0,935.0,355.0,118.3333333,935.0,233.75,57439.0,28719.5,57137.0,302.0,104.0,136.0,32.94675804,118.3333333,233.75,355.0,935.0,26883.0
80.0,324.0,935.0,324.0,108.0,935.0,233.75,6664.0,3332.0,4086.0,2578.0,104.0,136.0,53.97236615,108.0,233.75,324.0,935.0,26883.0
80.0,293.0,935.0,293.0,97.66666667,935.0,233.75,11103.0,5551.5,6210.0,4893.0,104.0,136.0,63.39814032,97.66666667,233.75,293.0,935.0,26883.0
80.0,350.0,935.0,350.0,116.6666667,935.0,233.75,39439.0,19719.5,39117.0,322.0,104.0,136.0,75.45271629999998,116.6666667,233.75,350.0,935.0,26883.0
80.0,0.0,0.0,0.0,0.0,0.0,0.0,53.0,53.0,53.0,53.0,64.0,0.0,37735.84906,0.0,0.0,0.0,0.0,225.0
80.0,353.0,935.0,353.0,117.6666667,935.0,233.75,6525.0,3262.5,6238.0,287.0,104.0,136.0,80.68854223,117.6666667,233.75,353.0,935.0,26883.0
80.0,338.0,935.0,338.0,112.6666667,935.0,233.75,51865.0,25932.5,51568.0,297.0,104.0,136.0,30.9514475,112.6666667,233.75,338.0,935.0,26883.0
80.0,309.0,935.0,309.0,103.0,935.0,233.75,10616.0,5308.0,10392.0,224.0,104.0,136.0,91.04151493,103.0,233.75,309.0,935.0,26883.0
80.0,312.0,935.0,312.0,104.0,935.0,233.75,51386.0,25693.0,51130.0,256.0,104.0,136.0,37.14618261,104.0,233.75,312.0,935.0,26883.0
80.0,375.0,935.0,375.0,93.75,935.0,233.75,1029859.0,343286.3333,1027759.0,613.0,144.0,136.0,3.846642074,93.75,233.75,375.0,935.0,26883.0
80.0,371.0,935.0,371.0,123.6666667,935.0,233.75,18310.0,9155.0,18006.0,304.0,104.0,136.0,115.406809,123.6666667,233.75,371.0,935.0,26883.0
80.0,300.0,935.0,300.0,100.0,935.0,233.75,2793.0,1396.5,2526.0,267.0,104.0,136.0,406.945198,100.0,233.75,300.0,935.0,26883.0
80.0,354.0,935.0,354.0,118.0,935.0,233.75,43221.0,21610.5,42961.0,260.0,104.0,136.0,68.05190092,118.0,233.75,354.0,935.0,26883.0
80.0,327.0,935.0,327.0,109.0,935.0,233.75,49927.0,24963.5,49609.0,318.0,104.0,136.0,35.76665832,109.0,233.75,327.0,935.0,26883.0
80.0,362.0,935.0,362.0,120.6666667,935.0,233.75,26054.0,13027.0,25730.0,324.0,104.0,136.0,95.96315015,120.6666667,233.75,362.0,935.0,26883.0
80.0,327.0,935.0,327.0,109.0,935.0,233.75,7030.0,3515.0,6782.0,248.0,104.0,136.0,263.0425252,109.0,233.75,327.0,935.0,26883.0
80.0,0.0,0.0,0.0,0.0,0.0,0.0,63.0,63.0,63.0,63.0,64.0,0.0,31746.03175,0.0,0.0,0.0,0.0,225.0
80.0,355.0,935.0,355.0,118.3333333,935.0,233.75,9097.0,4548.5,8691.0,406.0,104.0,136.0,74.9007565,118.3333333,233.75,355.0,935.0,26883.0
80.0,321.0,935.0,321.0,107.0,935.0,233.75,32558.0,16279.0,32184.0,374.0,104.0,136.0,82.91644786,107.0,233.75,321.0,935.0,26883.0
80.0,382.0,935.0,382.0,127.3333333,935.0,233.75,50403.0,25201.5,50110.0,293.0,104.0,136.0,34.60806368,127.3333333,233.75,382.0,935.0,26883.0
80.0,326.0,935.0,326.0,108.6666667,935.0,233.75,6259.0,3129.5,5622.0,637.0,104.0,136.0,256.6954736,108.6666667,233.75,326.0,935.0,26883.0
80.0,357.0,935.0,357.0,119.0,935.0,233.75,21338.0,10669.0,20974.0,364.0,104.0,136.0,128.4081668,119.0,233.75,357.0,935.0,26883.0
80.0,361.0,935.0,361.0,120.3333333,935.0,233.75,28248.0,14124.0,28003.0,245.0,104.0,136.0,102.0859564,120.3333333,233.75,361.0,935.0,26883.0
80.0,0.0,0.0,0.0,0.0,0.0,0.0,106.0,106.0,106.0,106.0,64.0,0.0,18867.92453,0.0,0.0,0.0,0.0,225.0
80.0,345.0,935.0,345.0,115.0,935.0,233.75,31279.0,15639.5,31021.0,258.0,104.0,136.0,91.70105456,115.0,233.75,345.0,935.0,26883.0
80.0,0.0,0.0,0.0,0.0,0.0,0.0,72.0,72.0,72.0,72.0,64.0,0.0,27777.77778,0.0,0.0,0.0,0.0,225.0
80.0,318.0,935.0,318.0,106.0,935.0,233.75,13064.0,6532.0,11543.0,1521.0,104.0,136.0,69.95942353,106.0,233.75,318.0,935.0,26883.0
80.0,0.0,0.0,0.0,0.0,0.0,0.0,25.0,25.0,25.0,25.0,64.0,0.0,80000.0,0.0,0.0,0.0,0.0,225.0
80.0,384.0,935.0,384.0,128.0,935.0,233.75,7117.0,3558.5,6837.0,280.0,104.0,136.0,342.85714289999993,128.0,233.75,384.0,935.0,26883.0
80.0,358.0,935.0,358.0,119.3333333,935.0,233.75,4966.0,2483.0,4727.0,239.0,104.0,136.0,257.0914389,119.3333333,233.75,358.0,935.0,26883.0
80.0,318.0,935.0,318.0,106.0,935.0,233.75,19883.0,9941.5,19570.0,313.0,104.0,136.0,71.13556067,106.0,233.75,318.0,935.0,26883.0
80.0,356.0,935.0,356.0,118.6666667,935.0,233.75,23070.0,11535.0,12467.0,10603.0,104.0,136.0,42.68093158,118.6666667,233.75,356.0,935.0,26883.0
80.0,0.0,0.0,0.0,0.0,0.0,0.0,39.0,39.0,39.0,39.0,64.0,0.0,51282.05128,0.0,0.0,0.0,0.0,225.0
80.0,350.0,935.0,350.0,116.6666667,935.0,233.75,1007.0,503.5,706.0,301.0,104.0,136.0,2147.45884,116.6666667,233.75,350.0,935.0,26883.0
80.0,0.0,0.0,0.0,0.0,0.0,0.0,99.0,99.0,99.0,99.0,64.0,0.0,20202.0202,0.0,0.0,0.0,0.0,225.0
80.0,0.0,0.0,0.0,0.0,0.0,0.0,111.0,111.0,111.0,111.0,64.0,0.0,18018.01802,0.0,0.0,0.0,0.0,225.0
80.0,321.0,935.0,321.0,107.0,935.0,233.75,11680.0,5840.0,10649.0,1031.0,104.0,136.0,55.98059339,107.0,233.75,321.0,935.0,26883.0
80.0,321.0,935.0,321.0,107.0,935.0,233.75,8666.0,4333.0,8423.0,243.0,104.0,136.0,206.9108214,107.0,233.75,321.0,935.0,26883.0
80.0,306.0,935.0,306.0,102.0,935.0,233.75,31487.0,15743.5,31239.0,248.0,104.0,136.0,81.03289936,102.0,233.75,306.0,935.0,26883.0
80.0,354.0,935.0,354.0,118.0,935.0,233.75,8363.0,4181.5,7099.0,1264.0,104.0,136.0,65.92971892,118.0,233.75,354.0,935.0,26883.0
80.0,0.0,0.0,0.0,0.0,0.0,0.0,108.0,108.0,108.0,108.0,64.0,0.0,18518.51852,0.0,0.0,0.0,0.0,225.0
80.0,377.0,935.0,377.0,125.6666667,935.0,233.75,13272.0,6636.0,12929.0,343.0,104.0,136.0,153.6885246,125.6666667,233.75,377.0,935.0,26883.0
80.0,346.0,935.0,346.0,115.3333333,935.0,233.75,9349.0,4674.5,4895.0,4454.0,104.0,136.0,64.64681291,115.3333333,233.75,346.0,935.0,26883.0
80.0,371.0,935.0,371.0,123.6666667,935.0,233.75,22321.0,11160.5,21995.0,326.0,104.0,136.0,54.16237881,123.6666667,233.75,371.0,935.0,26883.0
80.0,0.0,0.0,0.0,0.0,0.0,0.0,89.0,89.0,89.0,89.0,64.0,0.0,22471.91011,0.0,0.0,0.0,0.0,225.0
80.0,318.0,935.0,318.0,106.0,935.0,233.75,33871.0,16935.5,33594.0,277.0,104.0,136.0,84.81284632,106.0,233.75,318.0,935.0,26883.0
80.0,320.0,935.0,320.0,106.6666667,935.0,233.75,14031.0,7015.5,10379.0,3652.0,104.0,136.0,52.19660722,106.6666667,233.75,320.0,935.0,26883.0
80.0,299.0,935.0,299.0,99.66666667,935.0,233.75,20954.0,10477.0,20529.0,425.0,104.0,136.0,118.319858,99.66666667,233.75,299.0,935.0,26883.0
80.0,0.0,0.0,0.0,0.0,0.0,0.0,103.0,103.0,103.0,103.0,64.0,0.0,19417.47573,0.0,0.0,0.0,0.0,225.0
80.0,312.0,935.0,312.0,104.0,935.0,233.75,7374.0,3687.0,7114.0,260.0,104.0,136.0,162.25864030000002,104.0,233.75,312.0,935.0,26883.0
80.0,335.0,935.0,335.0,111.6666667,935.0,233.75,1086.0,543.0,925.0,161.0,104.0,136.0,588.2352941,111.6666667,233.75,335.0,935.0,26883.0
80.0,363.0,935.0,363.0,121.0,935.0,233.75,7753.0,3876.5,4141.0,3612.0,104.0,136.0,59.40594059,121.0,233.75,363.0,935.0,26883.0
80.0,301.0,935.0,301.0,100.3333333,935.0,233.75,36059.0,18029.5,35802.0,257.0,104.0,136.0,43.60465116,100.3333333,233.75,301.0,935.0,26883.0
80.0,328.0,935.0,328.0,109.3333333,935.0,233.75,11725.0,5862.5,9072.0,2653.0,104.0,136.0,56.08944397,109.3333333,233.75,328.0,935.0,26883.0
80.0,353.0,935.0,353.0,117.6666667,935.0,233.75,3116.0,1558.0,2873.0,243.0,104.0,136.0,627.090301,117.6666667,233.75,353.0,935.0,26883.0
80.0,352.0,935.0,352.0,117.3333333,935.0,233.75,533.0,266.5,511.0,22.0,104.0,136.0,616.6495375,117.3333333,233.75,352.0,935.0,26883.0
80.0,0.0,0.0,0.0,0.0,0.0,0.0,63.0,63.0,63.0,63.0,64.0,0.0,31746.03175,0.0,0.0,0.0,0.0,225.0
80.0,364.0,935.0,364.0,121.3333333,935.0,233.75,36389.0,18194.5,36140.0,249.0,104.0,136.0,79.50810983,121.3333333,233.75,364.0,935.0,26883.0
80.0,370.0,935.0,370.0,123.3333333,935.0,233.75,4464.0,2232.0,4175.0,289.0,104.0,136.0,115.3313855,123.3333333,233.75,370.0,935.0,26883.0
80.0,307.0,935.0,307.0,102.3333333,935.0,233.75,49308.0,24654.0,49014.0,294.0,104.0,136.0,49.7917047,102.3333333,233.75,307.0,935.0,26883.0
80.0,324.0,935.0,324.0,108.0,935.0,233.75,18851.0,9425.5,18573.0,278.0,104.0,136.0,78.67407951,108.0,233.75,324.0,935.0,26883.0
80.0,366.0,935.0,366.0,122.0,935.0,233.75,5824.0,2912.0,5527.0,297.0,104.0,136.0,331.4917127,122.0,233.75,366.0,935.0,26883.0
80.0,374.0,935.0,374.0,124.6666667,935.0,233.75,12687.0,6343.5,11245.0,1442.0,104.0,136.0,43.03358054,124.6666667,233.75,374.0,935.0,26883.0
80.0,301.0,935.0,301.0,100.3333333,935.0,233.75,44078.0,22039.0,43805.0,273.0,104.0,136.0,42.28747022,100.3333333,233.75,301.0,935.0,26883.0
80.0,310.0,935.0,310.0,103.3333333,935.0,233.75,6589.0,3294.5,3897.0,2692.0,104.0,136.0,62.86408784,103.3333333,233.75,310.0,935.0,26883.0
80.0,370.0,935.0,370.0,123.3333333,935.0,233.75,13360.0,6680.0,13084.0,276.0,104.0,136.0,106.1120543,123.3333333,233.75,370.0,935.0,26883.0
80.0,325.0,935.0,325.0,108.3333333,935.0,233.75,18304.0,9152.0,17999.0,305.0,104.0,136.0,83.2108285,108.3333333,233.75,325.0,935.0,26883.0
80.0,314.0,935.0,314.0,104.6666667,935.0,233.75,7193.0,3596.5,6928.0,265.0,104.0,136.0,231.5886985,104.6666667,233.75,314.0,935.0,26883.0
80.0,347.0,935.0,347.0,115.6666667,935.0,233.75,7303.0,3651.5,7047.0,256.0,104.0,136.0,216.4970773,115.6666667,233.75,347.0,935.0,26883.0
80.0,377.0,935.0,377.0,125.6666667,935.0,233.75,29582.0,14791.0,29289.0,293.0,104.0,136.0,98.52863899,125.6666667,233.75,377.0,935.0,26883.0
80.0,0.0,0.0,0.0,0.0,0.0,0.0,113.0,113.0,113.0,113.0,64.0,0.0,17699.11504,0.0,0.0,0.0,0.0,225.0
80.0,375.0,935.0,375.0,125.0,935.0,233.75,23784.0,11892.0,23438.0,346.0,104.0,136.0,122.4439819,125.0,233.75,375.0,935.0,26883.0
80.0,366.0,935.0,366.0,122.0,935.0,233.75,12758.0,6379.0,12493.0,265.0,104.0,136.0,230.34398030000003,122.0,233.75,366.0,935.0,26883.0
80.0,0.0,0.0,0.0,0.0,0.0,0.0,81.0,81.0,81.0,81.0,64.0,0.0,24691.35802,0.0,0.0,0.0,0.0,225.0
80.0,328.0,935.0,328.0,109.3333333,935.0,233.75,33770.0,16885.0,33454.0,316.0,104.0,136.0,39.71931683,109.3333333,233.75,328.0,935.0,26883.0
80.0,339.0,935.0,339.0,113.0,935.0,233.75,7934.0,3967.0,3975.0,3959.0,104.0,136.0,63.79314011,113.0,233.75,339.0,935.0,26883.0
80.0,0.0,0.0,0.0,0.0,0.0,0.0,70.0,70.0,70.0,70.0,64.0,0.0,28571.42857,0.0,0.0,0.0,0.0,225.0
80.0,335.0,935.0,335.0,111.6666667,935.0,233.75,8964.0,4482.0,8117.0,847.0,104.0,136.0,61.05130345,111.6666667,233.75,335.0,935.0,26883.0
80.0,394.0,935.0,394.0,131.3333333,935.0,233.75,19253.0,9626.5,18956.0,297.0,104.0,136.0,64.43575755,131.3333333,233.75,394.0,935.0,26883.0
80.0,356.0,935.0,356.0,118.6666667,935.0,233.75,12816.0,6408.0,10186.0,2630.0,104.0,136.0,58.41348962,118.6666667,233.75,356.0,935.0,26883.0
80.0,349.0,935.0,349.0,116.3333333,935.0,233.75,3976.0,1988.0,3691.0,285.0,104.0,136.0,234.1920375,116.3333333,233.75,349.0,935.0,26883.0
80.0,349.0,935.0,349.0,116.3333333,935.0,233.75,6836.0,3418.0,6514.0,322.0,104.0,136.0,263.9915523,116.3333333,233.75,349.0,935.0,26883.0
80.0,0.0,0.0,0.0,0.0,0.0,0.0,20.0,20.0,20.0,20.0,64.0,0.0,100000.0,0.0,0.0,0.0,0.0,225.0
80.0,327.0,935.0,327.0,109.0,935.0,233.75,20846.0,10423.0,20545.0,301.0,104.0,136.0,67.86562606,109.0,233.75,327.0,935.0,26883.0
80.0,281.0,935.0,281.0,93.66666667,935.0,233.75,43275.0,21637.5,43028.0,247.0,104.0,136.0,62.44925998,93.66666667,233.75,281.0,935.0,26883.0
80.0,342.0,935.0,342.0,114.0,935.0,233.75,25893.0,12946.5,25603.0,290.0,104.0,136.0,83.54218881,114.0,233.75,342.0,935.0,26883.0
80.0,342.0,935.0,342.0,114.0,935.0,233.75,23047.0,11523.5,22732.0,315.0,104.0,136.0,119.6792596,114.0,233.75,342.0,935.0,26883.0
80.0,377.0,935.0,377.0,125.6666667,935.0,233.75,9712.0,4856.0,9425.0,287.0,104.0,136.0,242.2285022,125.6666667,233.75,377.0,935.0,26883.0
80.0,314.0,935.0,314.0,104.6666667,935.0,233.75,12621.0,6310.5,12284.0,337.0,104.0,136.0,222.3704692,104.6666667,233.75,314.0,935.0,26883.0
80.0,346.0,935.0,346.0,115.3333333,935.0,233.75,5170.0,2585.0,2709.0,2461.0,104.0,136.0,61.30581383,115.3333333,233.75,346.0,935.0,26883.0
80.0,307.0,935.0,307.0,102.3333333,935.0,233.75,18520.0,9260.0,18255.0,265.0,104.0,136.0,84.75773414,102.3333333,233.75,307.0,935.0,26883.0
80.0,352.0,935.0,352.0,88.0,935.0,233.75,41722.0,13907.33333,40303.0,290.0,136.0,136.0,90.86985165,88.0,233.75,352.0,935.0,26883.0
80.0,365.0,935.0,365.0,121.6666667,935.0,233.75,21090.0,10545.0,20831.0,259.0,104.0,136.0,81.53281696,121.6666667,233.75,365.0,935.0,26883.0
80.0,354.0,935.0,354.0,118.0,935.0,233.75,8503.0,4251.5,8239.0,264.0,104.0,136.0,174.9985417,118.0,233.75,354.0,935.0,26883.0
80.0,359.0,935.0,359.0,119.6666667,935.0,233.75,40999.0,20499.5,40739.0,260.0,104.0,136.0,69.55231493,119.6666667,233.75,359.0,935.0,26883.0
80.0,349.0,935.0,349.0,116.3333333,935.0,233.75,23660.0,11830.0,23372.0,288.0,104.0,136.0,80.20746999,116.3333333,233.75,349.0,935.0,26883.0
80.0,355.0,935.0,355.0,118.3333333,935.0,233.75,44805.0,22402.5,44404.0,401.0,104.0,136.0,33.32370648,118.3333333,233.75,355.0,935.0,26883.0
80.0,292.0,935.0,292.0,97.33333333,935.0,233.75,3741.0,1870.5,2723.0,1018.0,104.0,136.0,104.4022969,97.33333333,233.75,292.0,935.0,26883.0
80.0,285.0,935.0,285.0,95.0,935.0,233.75,14917.0,7458.5,14563.0,354.0,104.0,136.0,97.23842863,95.0,233.75,285.0,935.0,26883.0
80.0,356.0,935.0,356.0,118.6666667,935.0,233.75,10893.0,5446.5,10524.0,369.0,104.0,136.0,129.8139334,118.6666667,233.75,356.0,935.0,26883.0
80.0,377.0,935.0,377.0,125.6666667,935.0,233.75,2205.0,1102.5,1958.0,247.0,104.0,136.0,895.5223881000002,125.6666667,233.75,377.0,935.0,26883.0
80.0,307.0,935.0,307.0,102.3333333,935.0,233.75,25761.0,12880.5,25507.0,254.0,104.0,136.0,102.3995631,102.3333333,233.75,307.0,935.0,26883.0
80.0,322.0,935.0,322.0,107.3333333,935.0,233.75,26201.0,13100.5,25931.0,270.0,104.0,136.0,106.1909313,107.3333333,233.75,322.0,935.0,26883.0
80.0,415.0,935.0,415.0,138.33333330000002,935.0,233.75,9947.0,4973.5,8189.0,1758.0,104.0,136.0,58.07538185,138.33333330000002,233.75,415.0,935.0,26883.0
80.0,414.0,935.0,414.0,138.0,935.0,233.75,58037.0,29018.5,57757.0,280.0,104.0,136.0,43.11088119,138.0,233.75,414.0,935.0,26883.0
80.0,323.0,935.0,323.0,107.6666667,935.0,233.75,9712.0,4856.0,9434.0,278.0,104.0,136.0,243.19066150000003,107.6666667,233.75,323.0,935.0,26883.0
80.0,387.0,935.0,387.0,129.0,935.0,233.75,5532.0,2766.0,2802.0,2730.0,104.0,136.0,188.0052641,129.0,233.75,387.0,935.0,26883.0
80.0,0.0,0.0,0.0,0.0,0.0,0.0,75.0,75.0,75.0,75.0,64.0,0.0,26666.66667,0.0,0.0,0.0,0.0,225.0
80.0,300.0,935.0,300.0,100.0,935.0,233.75,31148.0,15574.0,30766.0,382.0,104.0,136.0,67.40361283,100.0,233.75,300.0,935.0,26883.0
80.0,0.0,0.0,0.0,0.0,0.0,0.0,44.0,44.0,44.0,44.0,64.0,0.0,45454.54545,0.0,0.0,0.0,0.0,225.0
80.0,359.0,935.0,359.0,119.6666667,935.0,233.75,62461.0,31230.5,62149.0,312.0,104.0,136.0,30.86197496,119.6666667,233.75,359.0,935.0,26883.0
80.0,328.0,935.0,328.0,82.0,935.0,233.75,43074.0,14358.0,25982.0,289.0,136.0,136.0,86.94896096,82.0,233.75,328.0,935.0,26883.0
80.0,343.0,935.0,343.0,114.3333333,935.0,233.75,6378.0,3189.0,6083.0,295.0,104.0,136.0,223.7637055,114.3333333,233.75,343.0,935.0,26883.0
80.0,358.0,935.0,358.0,119.3333333,935.0,233.75,44854.0,22427.0,44532.0,322.0,104.0,136.0,40.96178266,119.3333333,233.75,358.0,935.0,26883.0
80.0,337.0,935.0,337.0,112.3333333,935.0,233.75,5349.0,2674.5,5012.0,337.0,104.0,136.0,101.7466508,112.3333333,233.75,337.0,935.0,26883.0
80.0,0.0,0.0,0.0,0.0,0.0,0.0,59.0,59.0,59.0,59.0,64.0,0.0,33898.30508,0.0,0.0,0.0,0.0,225.0
80.0,369.0,935.0,369.0,123.0,935.0,233.75,28183.0,14091.5,27885.0,298.0,104.0,136.0,100.9930988,123.0,233.75,369.0,935.0,26883.0
80.0,378.0,935.0,378.0,126.0,935.0,233.75,18952.0,9476.0,15601.0,3351.0,104.0,136.0,50.42525297,126.0,233.75,378.0,935.0,26883.0
80.0,316.0,935.0,316.0,105.3333333,935.0,233.75,41687.0,20843.5,41421.0,266.0,104.0,136.0,47.65459946,105.3333333,233.75,316.0,935.0,26883.0
80.0,357.0,935.0,357.0,89.25,935.0,233.75,1019419.0,339806.3333,1018432.0,340.0,144.0,136.0,3.812199611,89.25,233.75,357.0,935.0,26883.0
80.0,348.0,935.0,348.0,116.0,935.0,233.75,21494.0,10747.0,21201.0,293.0,104.0,136.0,129.9432581,116.0,233.75,348.0,935.0,26883.0
80.0,368.0,935.0,368.0,122.6666667,935.0,233.75,22580.0,11290.0,22083.0,497.0,104.0,136.0,54.29078143,122.6666667,233.75,368.0,935.0,26883.0
80.0,415.0,935.0,415.0,138.33333330000002,935.0,233.75,3139.0,1569.5,1950.0,1189.0,104.0,136.0,64.75425759,138.33333330000002,233.75,415.0,935.0,26883.0
80.0,302.0,935.0,302.0,100.6666667,935.0,233.75,33281.0,16640.5,32998.0,283.0,104.0,136.0,54.51373746,100.6666667,233.75,302.0,935.0,26883.0
80.0,321.0,935.0,321.0,107.0,935.0,233.75,32342.0,16171.0,32091.0,251.0,104.0,136.0,74.60088526,107.0,233.75,321.0,935.0,26883.0
80.0,370.0,935.0,370.0,123.3333333,935.0,233.75,24517.0,12258.5,24180.0,337.0,104.0,136.0,70.72635971,123.3333333,233.75,370.0,935.0,26883.0
80.0,355.0,935.0,355.0,118.3333333,935.0,233.75,36484.0,18242.0,36184.0,300.0,104.0,136.0,44.84975333,118.3333333,233.75,355.0,935.0,26883.0
80.0,353.0,935.0,353.0,117.6666667,935.0,233.75,35730.0,17865.0,35477.0,253.0,104.0,136.0,50.35669324,117.6666667,233.75,353.0,935.0,26883.0
80.0,335.0,935.0,335.0,111.6666667,935.0,233.75,28791.0,14395.5,28565.0,226.0,104.0,136.0,100.9013857,111.6666667,233.75,335.0,935.0,26883.0
80.0,324.0,935.0,324.0,108.0,935.0,233.75,8437.0,4218.5,7771.0,666.0,104.0,136.0,338.7151406000001,108.0,233.75,324.0,935.0,26883.0
80.0,325.0,935.0,325.0,108.3333333,935.0,233.75,10012.0,5006.0,8541.0,1471.0,104.0,136.0,116.1665053,108.3333333,233.75,325.0,935.0,26883.0
80.0,308.0,935.0,308.0,102.6666667,935.0,233.75,25423.0,12711.5,25028.0,395.0,104.0,136.0,103.777501,102.6666667,233.75,308.0,935.0,26883.0
80.0,344.0,935.0,344.0,114.6666667,935.0,233.75,11464.0,5732.0,10641.0,823.0,104.0,136.0,58.4601594,114.6666667,233.75,344.0,935.0,26883.0
80.0,411.0,935.0,411.0,137.0,935.0,233.75,13248.0,6624.0,8900.0,4348.0,104.0,136.0,52.55689284,137.0,233.75,411.0,935.0,26883.0
80.0,1134.0,935.0,378.0,226.8,935.0,233.75,434153.0,108538.25,210841.0,2436.0,168.0,136.0,11.3481616,226.8,233.75,1134.0,935.0,26883.0
80.0,366.0,935.0,366.0,122.0,935.0,233.75,11466.0,5733.0,9793.0,1673.0,104.0,136.0,56.58028743,122.0,233.75,366.0,935.0,26883.0
80.0,364.0,935.0,364.0,121.3333333,935.0,233.75,12539.0,6269.5,9906.0,2633.0,104.0,136.0,55.9586652,121.3333333,233.75,364.0,935.0,26883.0
80.0,0.0,0.0,0.0,0.0,0.0,0.0,84.0,84.0,84.0,84.0,64.0,0.0,23809.52381,0.0,0.0,0.0,0.0,225.0
80.0,336.0,935.0,336.0,112.0,935.0,233.75,25434.0,12717.0,25192.0,242.0,104.0,136.0,110.9344377,112.0,233.75,336.0,935.0,26883.0
80.0,356.0,935.0,356.0,118.6666667,935.0,233.75,23650.0,11825.0,23365.0,285.0,104.0,136.0,105.7678748,118.6666667,233.75,356.0,935.0,26883.0
80.0,370.0,935.0,370.0,123.3333333,935.0,233.75,28875.0,14437.5,28588.0,287.0,104.0,136.0,101.629459,123.3333333,233.75,370.0,935.0,26883.0
80.0,0.0,0.0,0.0,0.0,0.0,0.0,114.0,114.0,114.0,114.0,64.0,0.0,17543.85965,0.0,0.0,0.0,0.0,225.0
80.0,0.0,0.0,0.0,0.0,0.0,0.0,109.0,109.0,109.0,109.0,64.0,0.0,18348.62385,0.0,0.0,0.0,0.0,225.0
80.0,368.0,935.0,368.0,122.6666667,935.0,233.75,29994.0,14997.0,27693.0,2301.0,104.0,136.0,60.95330976,122.6666667,233.75,368.0,935.0,26883.0
80.0,330.0,935.0,330.0,110.0,935.0,233.75,8615.0,4307.5,8221.0,394.0,104.0,136.0,119.20845590000002,110.0,233.75,330.0,935.0,26883.0
80.0,350.0,935.0,350.0,116.6666667,935.0,233.75,5884.0,2942.0,5603.0,281.0,104.0,136.0,264.7837599,116.6666667,233.75,350.0,935.0,26883.0
80.0,327.0,935.0,327.0,109.0,935.0,233.75,31685.0,15842.5,31306.0,379.0,104.0,136.0,92.23957693,109.0,233.75,327.0,935.0,26883.0
80.0,390.0,935.0,390.0,130.0,935.0,233.75,14867.0,7433.5,14596.0,271.0,104.0,136.0,111.3544412,130.0,233.75,390.0,935.0,26883.0
80.0,339.0,935.0,339.0,113.0,935.0,233.75,11711.0,5855.5,11339.0,372.0,104.0,136.0,133.9824036,113.0,233.75,339.0,935.0,26883.0
80.0,325.0,935.0,325.0,108.3333333,935.0,233.75,11274.0,5637.0,10989.0,285.0,104.0,136.0,158.1944737,108.3333333,233.75,325.0,935.0,26883.0
80.0,413.0,935.0,413.0,137.66666669999998,935.0,233.75,7634.0,3817.0,4506.0,3128.0,104.0,136.0,62.11308723,137.66666669999998,233.75,413.0,935.0,26883.0
80.0,320.0,935.0,320.0,106.6666667,935.0,233.75,1137.0,568.5,831.0,306.0,104.0,136.0,356.3791875,106.6666667,233.75,320.0,935.0,26883.0
80.0,317.0,935.0,317.0,105.6666667,935.0,233.75,54728.0,27364.0,54432.0,296.0,104.0,136.0,32.55667575,105.6666667,233.75,317.0,935.0,26883.0
80.0,0.0,0.0,0.0,0.0,0.0,0.0,96.0,96.0,96.0,96.0,64.0,0.0,20833.33333,0.0,0.0,0.0,0.0,225.0
80.0,322.0,935.0,322.0,107.3333333,935.0,233.75,11087.0,5543.5,9585.0,1502.0,104.0,136.0,61.13964294,107.3333333,233.75,322.0,935.0,26883.0
80.0,367.0,935.0,367.0,122.3333333,935.0,233.75,7088.0,3544.0,6792.0,296.0,104.0,136.0,83.98656215,122.3333333,233.75,367.0,935.0,26883.0
80.0,322.0,935.0,322.0,107.3333333,935.0,233.75,37994.0,18997.0,36573.0,1421.0,104.0,136.0,47.37091426,107.3333333,233.75,322.0,935.0,26883.0
80.0,320.0,935.0,320.0,106.6666667,935.0,233.75,7504.0,3752.0,6483.0,1021.0,104.0,136.0,150.1426355,106.6666667,233.75,320.0,935.0,26883.0
80.0,345.0,935.0,345.0,115.0,935.0,233.75,15761.0,7880.5,15417.0,344.0,104.0,136.0,130.7759372,115.0,233.75,345.0,935.0,26883.0
80.0,293.0,935.0,293.0,97.66666667,935.0,233.75,11696.0,5848.0,10984.0,712.0,104.0,136.0,55.26184906,97.66666667,233.75,293.0,935.0,26883.0
80.0,309.0,935.0,309.0,103.0,935.0,233.75,6853.0,3426.5,5426.0,1427.0,104.0,136.0,60.41444308,103.0,233.75,309.0,935.0,26883.0
80.0,355.0,935.0,355.0,118.3333333,935.0,233.75,7210.0,3605.0,4856.0,2354.0,104.0,136.0,63.54720498,118.3333333,233.75,355.0,935.0,26883.0
80.0,372.0,935.0,372.0,124.0,935.0,233.75,50517.0,25258.5,50249.0,268.0,104.0,136.0,57.88153579,124.0,233.75,372.0,935.0,26883.0
80.0,337.0,935.0,337.0,112.3333333,935.0,233.75,8057.0,4028.5,4348.0,3709.0,104.0,136.0,57.34492975,112.3333333,233.75,337.0,935.0,26883.0
80.0,306.0,935.0,306.0,102.0,935.0,233.75,12862.0,6431.0,12617.0,245.0,104.0,136.0,90.76331952,102.0,233.75,306.0,935.0,26883.0
80.0,355.0,935.0,355.0,118.3333333,935.0,233.75,31535.0,15767.5,31236.0,299.0,104.0,136.0,91.35757354,118.3333333,233.75,355.0,935.0,26883.0
80.0,0.0,0.0,0.0,0.0,0.0,0.0,113.0,113.0,113.0,113.0,64.0,0.0,17699.11504,0.0,0.0,0.0,0.0,225.0
80.0,377.0,935.0,377.0,125.6666667,935.0,233.75,26729.0,13364.5,26456.0,273.0,104.0,136.0,67.58887938,125.6666667,233.75,377.0,935.0,26883.0
80.0,366.0,935.0,366.0,122.0,935.0,233.75,8154.0,4077.0,7891.0,263.0,104.0,136.0,106.0183058,122.0,233.75,366.0,935.0,26883.0
80.0,306.0,935.0,306.0,102.0,935.0,233.75,25714.0,12857.0,25449.0,265.0,104.0,136.0,109.7012469,102.0,233.75,306.0,935.0,26883.0
80.0,325.0,935.0,325.0,108.3333333,935.0,233.75,26797.0,13398.5,26277.0,520.0,104.0,136.0,99.11785112,108.3333333,233.75,325.0,935.0,26883.0
80.0,0.0,0.0,0.0,0.0,0.0,0.0,26.0,26.0,26.0,26.0,64.0,0.0,76923.07692,0.0,0.0,0.0,0.0,225.0
80.0,362.0,935.0,362.0,120.6666667,935.0,233.75,4516.0,2258.0,4268.0,248.0,104.0,136.0,296.7065572,120.6666667,233.75,362.0,935.0,26883.0
80.0,337.0,935.0,337.0,112.3333333,935.0,233.75,9746.0,4873.0,6757.0,2989.0,104.0,136.0,90.93664747,112.3333333,233.75,337.0,935.0,26883.0
80.0,371.0,935.0,371.0,123.6666667,935.0,233.75,13626.0,6813.0,13306.0,320.0,104.0,136.0,96.10764056,123.6666667,233.75,371.0,935.0,26883.0
80.0,337.0,935.0,337.0,84.25,935.0,233.75,43734.0,14578.0,21862.0,477.0,136.0,136.0,87.33624454,84.25,233.75,337.0,935.0,26883.0
80.0,372.0,935.0,372.0,124.0,935.0,233.75,40553.0,20276.5,40209.0,344.0,104.0,136.0,71.41156867,124.0,233.75,372.0,935.0,26883.0
80.0,0.0,0.0,0.0,0.0,0.0,0.0,95.0,95.0,95.0,95.0,64.0,0.0,21052.63158,0.0,0.0,0.0,0.0,225.0
80.0,0.0,0.0,0.0,0.0,0.0,0.0,63.0,63.0,63.0,63.0,64.0,0.0,31746.03175,0.0,0.0,0.0,0.0,225.0
80.0,356.0,935.0,356.0,118.6666667,935.0,233.75,42773.0,21386.5,42508.0,265.0,104.0,136.0,49.03803717,118.6666667,233.75,356.0,935.0,26883.0
80.0,326.0,935.0,326.0,108.6666667,935.0,233.75,13598.0,6799.0,12703.0,895.0,104.0,136.0,57.5815739,108.6666667,233.75,326.0,935.0,26883.0
80.0,376.0,935.0,376.0,125.3333333,935.0,233.75,12744.0,6372.0,10761.0,1983.0,104.0,136.0,53.58099661,125.3333333,233.75,376.0,935.0,26883.0
80.0,411.0,935.0,411.0,137.0,935.0,233.75,27702.0,13851.0,27442.0,260.0,104.0,136.0,99.92672041,137.0,233.75,411.0,935.0,26883.0
80.0,364.0,935.0,364.0,72.8,935.0,311.6666667,38910.0,9727.5,31550.0,284.0,168.0,104.0,128.50167050000002,72.8,311.6666667,364.0,935.0,26883.0
80.0,363.0,935.0,363.0,121.0,935.0,233.75,26704.0,13352.0,26434.0,270.0,104.0,136.0,100.0333444,121.0,233.75,363.0,935.0,26883.0
80.0,339.0,935.0,339.0,113.0,935.0,233.75,7743.0,3871.5,7374.0,369.0,104.0,136.0,231.5708221,113.0,233.75,339.0,935.0,26883.0
80.0,0.0,0.0,0.0,0.0,0.0,0.0,57.0,57.0,57.0,57.0,64.0,0.0,35087.7193,0.0,0.0,0.0,0.0,225.0
80.0,339.0,935.0,339.0,113.0,935.0,233.75,36425.0,18212.5,36044.0,381.0,104.0,136.0,79.09306617,113.0,233.75,339.0,935.0,26883.0
80.0,368.0,935.0,368.0,122.6666667,935.0,233.75,15015.0,7507.5,14763.0,252.0,104.0,136.0,163.8986014,122.6666667,233.75,368.0,935.0,26883.0
80.0,342.0,935.0,342.0,114.0,935.0,233.75,6372.0,3186.0,3307.0,3065.0,104.0,136.0,60.44365644,114.0,233.75,342.0,935.0,26883.0
80.0,349.0,935.0,349.0,116.3333333,935.0,233.75,7552.0,3776.0,7204.0,348.0,104.0,136.0,132.5322495,116.3333333,233.75,349.0,935.0,26883.0
80.0,305.0,935.0,305.0,101.6666667,935.0,233.75,12600.0,6300.0,11095.0,1505.0,104.0,136.0,57.22788142,101.6666667,233.75,305.0,935.0,26883.0
80.0,302.0,935.0,302.0,75.5,935.0,233.75,110899.0,36966.33333,56247.0,313.0,136.0,136.0,35.96022799,75.5,233.75,302.0,935.0,26883.0
80.0,363.0,935.0,363.0,72.6,935.0,311.6666667,23803.0,5950.75,17232.0,331.0,168.0,104.0,210.0575558,72.6,311.6666667,363.0,935.0,26883.0
80.0,371.0,935.0,371.0,123.6666667,935.0,233.75,15197.0,7598.5,14924.0,273.0,104.0,136.0,93.65926758,123.6666667,233.75,371.0,935.0,26883.0
80.0,0.0,0.0,0.0,0.0,0.0,0.0,21.0,21.0,21.0,21.0,64.0,0.0,95238.09524,0.0,0.0,0.0,0.0,225.0
80.0,0.0,0.0,0.0,0.0,0.0,0.0,21.0,21.0,21.0,21.0,64.0,0.0,95238.09524,0.0,0.0,0.0,0.0,225.0
80.0,337.0,935.0,337.0,112.3333333,935.0,233.75,12234.0,6117.0,7932.0,4302.0,104.0,136.0,77.74437649,112.3333333,233.75,337.0,935.0,26883.0
80.0,305.0,935.0,305.0,101.6666667,935.0,233.75,5077.0,2538.5,4819.0,258.0,104.0,136.0,139.6193047,101.6666667,233.75,305.0,935.0,26883.0
80.0,0.0,0.0,0.0,0.0,0.0,0.0,95.0,95.0,95.0,95.0,64.0,0.0,21052.63158,0.0,0.0,0.0,0.0,225.0
80.0,325.0,935.0,325.0,108.3333333,935.0,233.75,10534.0,5267.0,5408.0,5126.0,104.0,136.0,74.2482366,108.3333333,233.75,325.0,935.0,26883.0
80.0,308.0,935.0,308.0,102.6666667,935.0,233.75,11239.0,5619.5,10960.0,279.0,104.0,136.0,196.5666361,102.6666667,233.75,308.0,935.0,26883.0
80.0,0.0,0.0,0.0,0.0,0.0,0.0,93.0,93.0,93.0,93.0,64.0,0.0,21505.37634,0.0,0.0,0.0,0.0,225.0
80.0,337.0,935.0,337.0,112.3333333,935.0,233.75,4989.0,2494.5,4715.0,274.0,104.0,136.0,341.9972640000001,112.3333333,233.75,337.0,935.0,26883.0
80.0,343.0,935.0,343.0,114.3333333,935.0,233.75,4249.0,2124.5,4003.0,246.0,104.0,136.0,195.9887633,114.3333333,233.75,343.0,935.0,26883.0
80.0,327.0,935.0,327.0,109.0,935.0,233.75,6897.0,3448.5,3486.0,3411.0,104.0,136.0,66.4216446,109.0,233.75,327.0,935.0,26883.0
80.0,0.0,0.0,0.0,0.0,0.0,0.0,101.0,101.0,101.0,101.0,64.0,0.0,19801.9802,0.0,0.0,0.0,0.0,225.0
80.0,345.0,935.0,345.0,115.0,935.0,233.75,19805.0,9902.5,19562.0,243.0,104.0,136.0,94.55668673,115.0,233.75,345.0,935.0,26883.0
80.0,394.0,935.0,394.0,131.3333333,935.0,233.75,7671.0,3835.5,7386.0,285.0,104.0,136.0,149.70059880000005,131.3333333,233.75,394.0,935.0,26883.0
80.0,375.0,935.0,375.0,125.0,935.0,233.75,38443.0,19221.5,38203.0,240.0,104.0,136.0,77.23200494,125.0,233.75,375.0,935.0,26883.0
80.0,358.0,935.0,358.0,119.3333333,935.0,233.75,27695.0,13847.5,27446.0,249.0,104.0,136.0,107.2577762,119.3333333,233.75,358.0,935.0,26883.0
80.0,358.0,935.0,358.0,119.3333333,935.0,233.75,29301.0,14650.5,29066.0,235.0,104.0,136.0,92.68985973,119.3333333,233.75,358.0,935.0,26883.0
80.0,310.0,935.0,310.0,103.3333333,935.0,233.75,23229.0,11614.5,22032.0,1197.0,104.0,136.0,82.83402822,103.3333333,233.75,310.0,935.0,26883.0
80.0,306.0,935.0,306.0,102.0,935.0,233.75,10767.0,5383.5,9354.0,1413.0,104.0,136.0,67.93016779,102.0,233.75,306.0,935.0,26883.0
80.0,321.0,935.0,321.0,107.0,935.0,233.75,36580.0,18290.0,36280.0,300.0,104.0,136.0,81.3272609,107.0,233.75,321.0,935.0,26883.0
80.0,411.0,935.0,411.0,137.0,935.0,233.75,7344.0,3672.0,6683.0,661.0,104.0,136.0,58.3351158,137.0,233.75,411.0,935.0,26883.0
80.0,357.0,935.0,357.0,119.0,935.0,233.75,27512.0,13756.0,27250.0,262.0,104.0,136.0,59.49547834,119.0,233.75,357.0,935.0,26883.0
80.0,0.0,0.0,0.0,0.0,0.0,0.0,68.0,68.0,68.0,68.0,64.0,0.0,29411.764710000003,0.0,0.0,0.0,0.0,225.0
80.0,384.0,935.0,384.0,128.0,935.0,233.75,14950.0,7475.0,14615.0,335.0,104.0,136.0,121.045836,128.0,233.75,384.0,935.0,26883.0
80.0,352.0,935.0,352.0,117.3333333,935.0,233.75,15781.0,7890.5,15497.0,284.0,104.0,136.0,105.97710890000002,117.3333333,233.75,352.0,935.0,26883.0
80.0,320.0,935.0,320.0,106.6666667,935.0,233.75,28858.0,14429.0,28585.0,273.0,104.0,136.0,99.97334044,106.6666667,233.75,320.0,935.0,26883.0
80.0,0.0,0.0,0.0,0.0,0.0,0.0,37.0,37.0,37.0,37.0,64.0,0.0,54054.05405,0.0,0.0,0.0,0.0,225.0
80.0,372.0,935.0,372.0,124.0,935.0,233.75,11506.0,5753.0,11246.0,260.0,104.0,136.0,247.2595401,124.0,233.75,372.0,935.0,26883.0
80.0,365.0,935.0,365.0,121.6666667,935.0,233.75,30098.0,15049.0,29846.0,252.0,104.0,136.0,92.71277582,121.6666667,233.75,365.0,935.0,26883.0
80.0,311.0,935.0,311.0,103.6666667,935.0,233.75,1666.0,833.0,1269.0,397.0,104.0,136.0,156.5843729,103.6666667,233.75,311.0,935.0,26883.0
80.0,353.0,935.0,353.0,117.6666667,935.0,233.75,26803.0,13401.5,26522.0,281.0,104.0,136.0,105.2779337,117.6666667,233.75,353.0,935.0,26883.0
80.0,0.0,0.0,0.0,0.0,0.0,0.0,70.0,70.0,70.0,70.0,64.0,0.0,28571.42857,0.0,0.0,0.0,0.0,225.0
80.0,336.0,935.0,336.0,112.0,935.0,233.75,20450.0,10225.0,20176.0,274.0,104.0,136.0,81.11835168,112.0,233.75,336.0,935.0,26883.0
80.0,375.0,935.0,375.0,125.0,935.0,233.75,38180.0,19090.0,37922.0,258.0,104.0,136.0,72.07899858,125.0,233.75,375.0,935.0,26883.0
80.0,327.0,935.0,327.0,109.0,935.0,233.75,12368.0,6184.0,12108.0,260.0,104.0,136.0,160.0597556,109.0,233.75,327.0,935.0,26883.0
80.0,393.0,935.0,393.0,131.0,935.0,233.75,2866.0,1433.0,2593.0,273.0,104.0,136.0,153.0378003,131.0,233.75,393.0,935.0,26883.0
80.0,318.0,935.0,318.0,106.0,935.0,233.75,6021.0,3010.5,3281.0,2740.0,104.0,136.0,69.02105142,106.0,233.75,318.0,935.0,26883.0
80.0,351.0,935.0,351.0,117.0,935.0,233.75,8751.0,4375.5,8455.0,296.0,104.0,136.0,231.9109462,117.0,233.75,351.0,935.0,26883.0
80.0,310.0,935.0,310.0,103.3333333,935.0,233.75,5306.0,2653.0,4939.0,367.0,104.0,136.0,238.2086708,103.3333333,233.75,310.0,935.0,26883.0
80.0,370.0,935.0,370.0,123.3333333,935.0,233.75,7991.0,3995.5,7744.0,247.0,104.0,136.0,208.6811352,123.3333333,233.75,370.0,935.0,26883.0
80.0,347.0,935.0,347.0,115.6666667,935.0,233.75,590.0,295.0,348.0,242.0,104.0,136.0,261.4151272,115.6666667,233.75,347.0,935.0,26883.0
80.0,299.0,935.0,299.0,99.66666667,935.0,233.75,12927.0,6463.5,12661.0,266.0,104.0,136.0,63.06893435,99.66666667,233.75,299.0,935.0,26883.0
80.0,314.0,935.0,314.0,104.6666667,935.0,233.75,58393.0,29196.5,58110.0,283.0,104.0,136.0,47.68035093,104.6666667,233.75,314.0,935.0,26883.0
80.0,0.0,0.0,0.0,0.0,0.0,0.0,81.0,81.0,81.0,81.0,64.0,0.0,24691.35802,0.0,0.0,0.0,0.0,225.0
80.0,0.0,0.0,0.0,0.0,0.0,0.0,103.0,103.0,103.0,103.0,64.0,0.0,19417.47573,0.0,0.0,0.0,0.0,225.0
80.0,351.0,935.0,351.0,117.0,935.0,233.75,3870.0,1935.0,3569.0,301.0,104.0,136.0,318.945354,117.0,233.75,351.0,935.0,26883.0
80.0,321.0,935.0,321.0,107.0,935.0,233.75,13266.0,6633.0,9457.0,3809.0,104.0,136.0,57.81460782,107.0,233.75,321.0,935.0,26883.0
80.0,0.0,0.0,0.0,0.0,0.0,0.0,68.0,68.0,68.0,68.0,64.0,0.0,29411.764710000003,0.0,0.0,0.0,0.0,225.0
80.0,328.0,935.0,328.0,109.3333333,935.0,233.75,23241.0,11620.5,22745.0,496.0,104.0,136.0,104.0005547,109.3333333,233.75,328.0,935.0,26883.0
80.0,0.0,0.0,0.0,0.0,0.0,0.0,102.0,102.0,102.0,102.0,64.0,0.0,19607.84314,0.0,0.0,0.0,0.0,225.0
80.0,352.0,935.0,352.0,117.3333333,935.0,233.75,13339.0,6669.5,10869.0,2470.0,104.0,136.0,57.84359093,117.3333333,233.75,352.0,935.0,26883.0
80.0,331.0,935.0,331.0,110.3333333,935.0,233.75,10062.0,5031.0,8065.0,1997.0,104.0,136.0,57.89940943,110.3333333,233.75,331.0,935.0,26883.0
80.0,306.0,935.0,306.0,102.0,935.0,233.75,16589.0,8294.5,16322.0,267.0,104.0,136.0,108.0419203,102.0,233.75,306.0,935.0,26883.0
80.0,345.0,935.0,345.0,115.0,935.0,233.75,5897.0,2948.5,5548.0,349.0,104.0,136.0,214.8843206,115.0,233.75,345.0,935.0,26883.0
80.0,390.0,935.0,390.0,130.0,935.0,233.75,2210.0,1105.0,1491.0,719.0,104.0,136.0,172.28507439999996,130.0,233.75,390.0,935.0,26883.0
80.0,323.0,935.0,323.0,107.6666667,935.0,233.75,8816.0,4408.0,8560.0,256.0,104.0,136.0,203.67981530000003,107.6666667,233.75,323.0,935.0,26883.0
80.0,325.0,935.0,325.0,108.3333333,935.0,233.75,2198.0,1099.0,1934.0,264.0,104.0,136.0,229.2351188,108.3333333,233.75,325.0,935.0,26883.0
80.0,371.0,935.0,371.0,123.6666667,935.0,233.75,18671.0,9335.5,18301.0,370.0,104.0,136.0,80.11108737,123.6666667,233.75,371.0,935.0,26883.0
80.0,347.0,935.0,347.0,115.6666667,935.0,233.75,11541.0,5770.5,10364.0,1177.0,104.0,136.0,61.33714987,115.6666667,233.75,347.0,935.0,26883.0
80.0,390.0,935.0,390.0,130.0,935.0,233.75,5227.0,2613.5,4968.0,259.0,104.0,136.0,376.88442210000005,130.0,233.75,390.0,935.0,26883.0
80.0,0.0,0.0,0.0,0.0,0.0,0.0,109.0,109.0,109.0,109.0,64.0,0.0,18348.62385,0.0,0.0,0.0,0.0,225.0
80.0,349.0,935.0,349.0,116.3333333,935.0,233.75,16733.0,8366.5,16448.0,285.0,104.0,136.0,99.13095199,116.3333333,233.75,349.0,935.0,26883.0
80.0,298.0,935.0,298.0,99.33333333,935.0,233.75,14512.0,7256.0,14158.0,354.0,104.0,136.0,109.0790096,99.33333333,233.75,298.0,935.0,26883.0
80.0,355.0,935.0,355.0,118.3333333,935.0,233.75,39188.0,19594.0,38879.0,309.0,104.0,136.0,75.12771712,118.3333333,233.75,355.0,935.0,26883.0
80.0,329.0,935.0,329.0,109.6666667,935.0,233.75,10921.0,5460.5,9515.0,1406.0,104.0,136.0,68.33090379,109.6666667,233.75,329.0,935.0,26883.0
80.0,0.0,0.0,0.0,0.0,0.0,0.0,108.0,108.0,108.0,108.0,64.0,0.0,18518.51852,0.0,0.0,0.0,0.0,225.0
80.0,365.0,935.0,365.0,121.6666667,935.0,233.75,11526.0,5763.0,10409.0,1117.0,104.0,136.0,55.58643691,121.6666667,233.75,365.0,935.0,26883.0
80.0,353.0,935.0,353.0,117.6666667,935.0,233.75,23502.0,11751.0,23235.0,267.0,104.0,136.0,78.00109202,117.6666667,233.75,353.0,935.0,26883.0
80.0,391.0,935.0,391.0,130.3333333,935.0,233.75,33516.0,16758.0,33212.0,304.0,104.0,136.0,87.03977718,130.3333333,233.75,391.0,935.0,26883.0
80.0,328.0,935.0,328.0,109.3333333,935.0,233.75,374.0,187.0,350.0,24.0,104.0,136.0,4109.589040999998,109.3333333,233.75,328.0,935.0,26883.0
80.0,0.0,0.0,0.0,0.0,0.0,0.0,21.0,21.0,21.0,21.0,64.0,0.0,95238.09524,0.0,0.0,0.0,0.0,225.0
80.0,371.0,935.0,371.0,123.6666667,935.0,233.75,47934.0,23967.0,47631.0,303.0,104.0,136.0,32.72287001,123.6666667,233.75,371.0,935.0,26883.0
80.0,286.0,935.0,286.0,95.33333333,935.0,233.75,1491.0,745.5,818.0,673.0,104.0,136.0,69.48787437,95.33333333,233.75,286.0,935.0,26883.0
80.0,349.0,935.0,349.0,116.3333333,935.0,233.75,13807.0,6903.5,13515.0,292.0,104.0,136.0,79.52918721,116.3333333,233.75,349.0,935.0,26883.0
80.0,0.0,0.0,0.0,0.0,0.0,0.0,51.0,51.0,51.0,51.0,64.0,0.0,39215.68627,0.0,0.0,0.0,0.0,225.0
80.0,351.0,935.0,351.0,117.0,935.0,233.75,10137.0,5068.5,9850.0,287.0,104.0,136.0,153.7515375,117.0,233.75,351.0,935.0,26883.0
80.0,355.0,935.0,355.0,88.75,935.0,233.75,1029721.0,343240.3333,1023837.0,1120.0,144.0,136.0,3.719774507,88.75,233.75,355.0,935.0,26883.0
80.0,0.0,0.0,0.0,0.0,0.0,0.0,68.0,68.0,68.0,68.0,64.0,0.0,29411.764710000003,0.0,0.0,0.0,0.0,225.0
80.0,0.0,0.0,0.0,0.0,0.0,0.0,73.0,73.0,73.0,73.0,64.0,0.0,27397.26027,0.0,0.0,0.0,0.0,225.0
80.0,341.0,935.0,341.0,113.6666667,935.0,233.75,9343.0,4671.5,5343.0,4000.0,104.0,136.0,58.27619029,113.6666667,233.75,341.0,935.0,26883.0
80.0,373.0,935.0,373.0,124.3333333,935.0,233.75,5304.0,2652.0,4328.0,976.0,104.0,136.0,67.75679827,124.3333333,233.75,373.0,935.0,26883.0
80.0,334.0,935.0,334.0,111.3333333,935.0,233.75,1162.0,581.0,856.0,306.0,104.0,136.0,271.02719310000003,111.3333333,233.75,334.0,935.0,26883.0
80.0,347.0,935.0,347.0,115.6666667,935.0,233.75,39291.0,19645.5,38887.0,404.0,104.0,136.0,75.52870091,115.6666667,233.75,347.0,935.0,26883.0
80.0,351.0,935.0,351.0,117.0,935.0,233.75,36035.0,18017.5,35701.0,334.0,104.0,136.0,66.81365671,117.0,233.75,351.0,935.0,26883.0
80.0,292.0,935.0,292.0,97.33333333,935.0,233.75,6360.0,3180.0,5768.0,592.0,104.0,136.0,60.0528465,97.33333333,233.75,292.0,935.0,26883.0
80.0,0.0,0.0,0.0,0.0,0.0,0.0,55.0,55.0,55.0,55.0,64.0,0.0,36363.63636,0.0,0.0,0.0,0.0,225.0
80.0,321.0,935.0,321.0,107.0,935.0,233.75,12716.0,6358.0,12365.0,351.0,104.0,136.0,166.47244880000005,107.0,233.75,321.0,935.0,26883.0
80.0,325.0,935.0,325.0,108.3333333,935.0,233.75,33940.0,16970.0,33609.0,331.0,104.0,136.0,67.98558706,108.3333333,233.75,325.0,935.0,26883.0
80.0,0.0,0.0,0.0,0.0,0.0,0.0,104.0,104.0,104.0,104.0,64.0,0.0,19230.76923,0.0,0.0,0.0,0.0,225.0
80.0,311.0,935.0,311.0,103.6666667,935.0,233.75,37066.0,18533.0,36733.0,333.0,104.0,136.0,77.38141298,103.6666667,233.75,311.0,935.0,26883.0
80.0,393.0,935.0,393.0,131.0,935.0,233.75,1658.0,829.0,1318.0,340.0,104.0,136.0,526.5929437,131.0,233.75,393.0,935.0,26883.0
80.0,344.0,935.0,344.0,114.6666667,935.0,233.75,82564.0,41282.0,82285.0,279.0,104.0,136.0,34.79188653,114.6666667,233.75,344.0,935.0,26883.0
80.0,318.0,935.0,318.0,106.0,935.0,233.75,10032.0,5016.0,9781.0,251.0,104.0,136.0,118.2452406,106.0,233.75,318.0,935.0,26883.0
80.0,0.0,0.0,0.0,0.0,0.0,0.0,32.0,32.0,32.0,32.0,64.0,0.0,62500.0,0.0,0.0,0.0,0.0,225.0
80.0,352.0,935.0,352.0,117.3333333,935.0,233.75,20134.0,10067.0,19833.0,301.0,104.0,136.0,106.1083012,117.3333333,233.75,352.0,935.0,26883.0
80.0,294.0,935.0,294.0,98.0,935.0,233.75,5027.0,2513.5,4610.0,417.0,104.0,136.0,274.473925,98.0,233.75,294.0,935.0,26883.0
80.0,350.0,935.0,350.0,116.6666667,935.0,233.75,15483.0,7741.5,15247.0,236.0,104.0,136.0,188.2293889,116.6666667,233.75,350.0,935.0,26883.0
80.0,315.0,935.0,315.0,105.0,935.0,233.75,19114.0,9557.0,18852.0,262.0,104.0,136.0,75.28419785,105.0,233.75,315.0,935.0,26883.0
80.0,397.0,935.0,397.0,132.3333333,935.0,233.75,7446.0,3723.0,3942.0,3504.0,104.0,136.0,62.98948076,132.3333333,233.75,397.0,935.0,26883.0
80.0,321.0,935.0,321.0,107.0,935.0,233.75,3749.0,1874.5,3495.0,254.0,104.0,136.0,268.0725583,107.0,233.75,321.0,935.0,26883.0
80.0,331.0,935.0,331.0,110.3333333,935.0,233.75,37838.0,18919.0,37538.0,300.0,104.0,136.0,78.75255946,110.3333333,233.75,331.0,935.0,26883.0
80.0,318.0,935.0,318.0,106.0,935.0,233.75,2432.0,1216.0,2123.0,309.0,104.0,136.0,323.2410301000001,106.0,233.75,318.0,935.0,26883.0
80.0,298.0,935.0,298.0,99.33333333,935.0,233.75,4298.0,2149.0,3583.0,715.0,104.0,136.0,356.5486095,99.33333333,233.75,298.0,935.0,26883.0
80.0,0.0,0.0,0.0,0.0,0.0,0.0,93.0,93.0,93.0,93.0,64.0,0.0,21505.37634,0.0,0.0,0.0,0.0,225.0
80.0,322.0,935.0,322.0,107.3333333,935.0,233.75,34370.0,17185.0,34068.0,302.0,104.0,136.0,59.60896519,107.3333333,233.75,322.0,935.0,26883.0
80.0,367.0,935.0,367.0,122.3333333,935.0,233.75,11061.0,5530.5,8123.0,2938.0,104.0,136.0,55.76933802,122.3333333,233.75,367.0,935.0,26883.0
80.0,371.0,935.0,371.0,123.6666667,935.0,233.75,9602.0,4801.0,9276.0,326.0,104.0,136.0,189.3461247,123.6666667,233.75,371.0,935.0,26883.0
80.0,0.0,0.0,0.0,0.0,0.0,0.0,38.0,38.0,38.0,38.0,64.0,0.0,52631.57895,0.0,0.0,0.0,0.0,225.0
80.0,397.0,935.0,397.0,132.3333333,935.0,233.75,8808.0,4404.0,5252.0,3556.0,104.0,136.0,66.52327206,132.3333333,233.75,397.0,935.0,26883.0
80.0,325.0,935.0,325.0,108.3333333,935.0,233.75,20667.0,10333.5,20413.0,254.0,104.0,136.0,64.49532409,108.3333333,233.75,325.0,935.0,26883.0
80.0,413.0,935.0,413.0,137.66666669999998,935.0,233.75,32216.0,16108.0,31986.0,230.0,104.0,136.0,89.87148378,137.66666669999998,233.75,413.0,935.0,26883.0
80.0,324.0,935.0,324.0,108.0,935.0,233.75,23807.0,11903.5,23540.0,267.0,104.0,136.0,84.96657981,108.0,233.75,324.0,935.0,26883.0
80.0,0.0,0.0,0.0,0.0,0.0,0.0,52.0,52.0,52.0,52.0,64.0,0.0,38461.53846,0.0,0.0,0.0,0.0,225.0
80.0,356.0,935.0,356.0,118.6666667,935.0,233.75,17796.0,8898.0,17502.0,294.0,104.0,136.0,78.53814336,118.6666667,233.75,356.0,935.0,26883.0
80.0,305.0,935.0,305.0,101.6666667,935.0,233.75,33810.0,16905.0,33426.0,384.0,104.0,136.0,62.59519686,101.6666667,233.75,305.0,935.0,26883.0
80.0,352.0,935.0,352.0,117.3333333,935.0,233.75,10583.0,5291.5,10169.0,414.0,104.0,136.0,119.6076868,117.3333333,233.75,352.0,935.0,26883.0
80.0,333.0,935.0,333.0,111.0,935.0,233.75,5514.0,2757.0,3963.0,1551.0,104.0,136.0,60.5877007,111.0,233.75,333.0,935.0,26883.0
80.0,361.0,935.0,361.0,120.3333333,935.0,233.75,5280.0,2640.0,2843.0,2437.0,104.0,136.0,68.49158695,120.3333333,233.75,361.0,935.0,26883.0
80.0,328.0,935.0,328.0,109.3333333,935.0,233.75,31520.0,15760.0,31166.0,354.0,104.0,136.0,93.70607528,109.3333333,233.75,328.0,935.0,26883.0
80.0,298.0,935.0,298.0,99.33333333,935.0,233.75,9160.0,4580.0,5318.0,3842.0,104.0,136.0,58.06751316,99.33333333,233.75,298.0,935.0,26883.0
80.0,305.0,935.0,305.0,101.6666667,935.0,233.75,35934.0,17967.0,35622.0,312.0,104.0,136.0,77.30564073,101.6666667,233.75,305.0,935.0,26883.0
80.0,0.0,0.0,0.0,0.0,0.0,0.0,23.0,23.0,23.0,23.0,64.0,0.0,86956.52174,0.0,0.0,0.0,0.0,225.0
80.0,344.0,935.0,344.0,114.6666667,935.0,233.75,36480.0,18240.0,36194.0,286.0,104.0,136.0,37.45879533,114.6666667,233.75,344.0,935.0,26883.0
80.0,350.0,935.0,350.0,116.6666667,935.0,233.75,27733.0,13866.5,27469.0,264.0,104.0,136.0,49.78096376,116.6666667,233.75,350.0,935.0,26883.0
80.0,363.0,935.0,363.0,121.0,935.0,233.75,14645.0,7322.5,14351.0,294.0,104.0,136.0,82.29775327,121.0,233.75,363.0,935.0,26883.0
80.0,372.0,935.0,372.0,124.0,935.0,233.75,11290.0,5645.0,11030.0,260.0,104.0,136.0,129.0100628,124.0,233.75,372.0,935.0,26883.0
80.0,306.0,935.0,306.0,102.0,935.0,233.75,26034.0,13017.0,25736.0,298.0,104.0,136.0,106.1383336,102.0,233.75,306.0,935.0,26883.0
80.0,362.0,935.0,362.0,120.6666667,935.0,233.75,11014.0,5507.0,8831.0,2183.0,104.0,136.0,85.4554777,120.6666667,233.75,362.0,935.0,26883.0
80.0,353.0,935.0,353.0,117.6666667,935.0,233.75,28318.0,14159.0,28029.0,289.0,104.0,136.0,66.43194048,117.6666667,233.75,353.0,935.0,26883.0
80.0,417.0,935.0,417.0,139.0,935.0,233.75,29529.0,14764.5,29189.0,340.0,104.0,136.0,91.97093718,139.0,233.75,417.0,935.0,26883.0
80.0,360.0,935.0,360.0,120.0,935.0,233.75,21091.0,10545.5,20820.0,271.0,104.0,136.0,119.2795515,120.0,233.75,360.0,935.0,26883.0
80.0,350.0,935.0,350.0,116.6666667,935.0,233.75,22939.0,11469.5,22558.0,381.0,104.0,136.0,79.33359778,116.6666667,233.75,350.0,935.0,26883.0
80.0,0.0,0.0,0.0,0.0,0.0,0.0,110.0,110.0,110.0,110.0,64.0,0.0,18181.81818,0.0,0.0,0.0,0.0,225.0
80.0,295.0,935.0,295.0,98.33333333,935.0,233.75,1521.0,760.5,1188.0,333.0,104.0,136.0,443.1969272,98.33333333,233.75,295.0,935.0,26883.0
80.0,356.0,935.0,356.0,118.6666667,935.0,233.75,11797.0,5898.5,11487.0,310.0,104.0,136.0,229.9026745,118.6666667,233.75,356.0,935.0,26883.0
80.0,728.0,935.0,364.0,182.0,935.0,233.75,227038.0,75679.33333,202316.0,332.0,136.0,136.0,15.0073536,182.0,233.75,728.0,935.0,26883.0
80.0,305.0,935.0,305.0,101.6666667,935.0,233.75,1504.0,752.0,1224.0,280.0,104.0,136.0,571.1022272999999,101.6666667,233.75,305.0,935.0,26883.0
80.0,342.0,935.0,342.0,114.0,935.0,233.75,10855.0,5427.5,8847.0,2008.0,104.0,136.0,60.79766537,114.0,233.75,342.0,935.0,26883.0
80.0,324.0,935.0,324.0,108.0,935.0,233.75,1591.0,795.5,994.0,597.0,104.0,136.0,235.2018816,108.0,233.75,324.0,935.0,26883.0
80.0,321.0,935.0,321.0,107.0,935.0,233.75,6665.0,3332.5,3380.0,3285.0,104.0,136.0,56.59202807,107.0,233.75,321.0,935.0,26883.0
80.0,337.0,935.0,337.0,112.3333333,935.0,233.75,23498.0,11749.0,23161.0,337.0,104.0,136.0,63.90048564,112.3333333,233.75,337.0,935.0,26883.0
80.0,307.0,935.0,307.0,102.3333333,935.0,233.75,34340.0,17170.0,34049.0,291.0,104.0,136.0,84.93771234,102.3333333,233.75,307.0,935.0,26883.0
80.0,345.0,935.0,345.0,115.0,935.0,233.75,17505.0,8752.5,17262.0,243.0,104.0,136.0,87.66803039,115.0,233.75,345.0,935.0,26883.0
80.0,325.0,935.0,325.0,108.3333333,935.0,233.75,5716.0,2858.0,5430.0,286.0,104.0,136.0,215.2080344,108.3333333,233.75,325.0,935.0,26883.0
80.0,348.0,935.0,348.0,116.0,935.0,233.75,39036.0,19518.0,38780.0,256.0,104.0,136.0,74.97375918,116.0,233.75,348.0,935.0,26883.0
80.0,374.0,935.0,374.0,124.6666667,935.0,233.75,15445.0,7722.5,15132.0,313.0,104.0,136.0,184.3657817,124.6666667,233.75,374.0,935.0,26883.0
80.0,335.0,935.0,335.0,111.6666667,935.0,233.75,20158.0,10079.0,19918.0,240.0,104.0,136.0,138.6706111,111.6666667,233.75,335.0,935.0,26883.0
80.0,308.0,935.0,308.0,102.6666667,935.0,233.75,6801.0,3400.5,4239.0,2562.0,104.0,136.0,61.45400168,102.6666667,233.75,308.0,935.0,26883.0
80.0,309.0,935.0,309.0,103.0,935.0,233.75,1271.0,635.5,811.0,460.0,104.0,136.0,140.46259009999997,103.0,233.75,309.0,935.0,26883.0
80.0,372.0,935.0,372.0,124.0,935.0,233.75,1191.0,595.5,924.0,267.0,104.0,136.0,102.7010373,124.0,233.75,372.0,935.0,26883.0
80.0,376.0,935.0,376.0,125.3333333,935.0,233.75,13151.0,6575.5,11881.0,1270.0,104.0,136.0,62.01422193,125.3333333,233.75,376.0,935.0,26883.0
80.0,351.0,935.0,351.0,117.0,935.0,233.75,25238.0,12619.0,24982.0,256.0,104.0,136.0,113.8606346,117.0,233.75,351.0,935.0,26883.0
80.0,348.0,935.0,348.0,116.0,935.0,233.75,15179.0,7589.5,14923.0,256.0,104.0,136.0,170.1644923,116.0,233.75,348.0,935.0,26883.0
80.0,340.0,935.0,340.0,113.3333333,935.0,233.75,23872.0,11936.0,23543.0,329.0,104.0,136.0,112.3469273,113.3333333,233.75,340.0,935.0,26883.0
80.0,322.0,935.0,322.0,107.3333333,935.0,233.75,18937.0,9468.5,18696.0,241.0,104.0,136.0,153.18627450000002,107.3333333,233.75,322.0,935.0,26883.0
80.0,0.0,0.0,0.0,0.0,0.0,0.0,87.0,87.0,87.0,87.0,64.0,0.0,22988.50575,0.0,0.0,0.0,0.0,225.0
80.0,372.0,935.0,372.0,124.0,935.0,233.75,27466.0,13733.0,27204.0,262.0,104.0,136.0,108.0730574,124.0,233.75,372.0,935.0,26883.0
80.0,0.0,0.0,0.0,0.0,0.0,0.0,83.0,83.0,83.0,83.0,64.0,0.0,24096.38554,0.0,0.0,0.0,0.0,225.0
80.0,322.0,935.0,322.0,107.3333333,935.0,233.75,6925.0,3462.5,3886.0,3039.0,104.0,136.0,65.49503329,107.3333333,233.75,322.0,935.0,26883.0
80.0,322.0,935.0,322.0,107.3333333,935.0,233.75,9602.0,4801.0,8566.0,1036.0,104.0,136.0,57.43275582,107.3333333,233.75,322.0,935.0,26883.0
80.0,288.0,935.0,288.0,96.0,935.0,233.75,29792.0,14896.0,29495.0,297.0,104.0,136.0,91.07744619,96.0,233.75,288.0,935.0,26883.0
80.0,0.0,0.0,0.0,0.0,0.0,0.0,47.0,47.0,47.0,47.0,64.0,0.0,42553.19149,0.0,0.0,0.0,0.0,225.0
80.0,325.0,935.0,325.0,108.3333333,935.0,233.75,52249.0,26124.5,51944.0,305.0,104.0,136.0,41.47484551,108.3333333,233.75,325.0,935.0,26883.0
80.0,339.0,935.0,339.0,113.0,935.0,233.75,15289.0,7644.5,15001.0,288.0,104.0,136.0,138.1597126,113.0,233.75,339.0,935.0,26883.0
80.0,360.0,935.0,360.0,120.0,935.0,233.75,33093.0,16546.5,32851.0,242.0,104.0,136.0,47.30294382,120.0,233.75,360.0,935.0,26883.0
80.0,370.0,935.0,370.0,123.3333333,935.0,233.75,21468.0,10734.0,21207.0,261.0,104.0,136.0,73.24934076,123.3333333,233.75,370.0,935.0,26883.0
80.0,388.0,935.0,388.0,129.3333333,935.0,233.75,29277.0,14638.5,29059.0,218.0,104.0,136.0,92.88213257,129.3333333,233.75,388.0,935.0,26883.0
80.0,375.0,935.0,375.0,125.0,935.0,233.75,25412.0,12706.0,25126.0,286.0,104.0,136.0,114.99980829999998,125.0,233.75,375.0,935.0,26883.0
80.0,0.0,0.0,0.0,0.0,0.0,0.0,91.0,91.0,91.0,91.0,64.0,0.0,21978.02198,0.0,0.0,0.0,0.0,225.0
80.0,354.0,935.0,354.0,118.0,935.0,233.75,6042.0,3021.0,4979.0,1063.0,104.0,136.0,58.66708385,118.0,233.75,354.0,935.0,26883.0
80.0,330.0,935.0,330.0,110.0,935.0,233.75,22663.0,11331.5,22375.0,288.0,104.0,136.0,113.662196,110.0,233.75,330.0,935.0,26883.0
80.0,0.0,0.0,0.0,0.0,0.0,0.0,5.0,5.0,5.0,5.0,64.0,0.0,400000.0,0.0,0.0,0.0,0.0,225.0
80.0,366.0,935.0,366.0,122.0,935.0,233.75,1573.0,786.5,1319.0,254.0,104.0,136.0,179.9424184,122.0,233.75,366.0,935.0,26883.0
80.0,361.0,935.0,361.0,120.3333333,935.0,233.75,4763.0,2381.5,4527.0,236.0,104.0,136.0,216.9040561,120.3333333,233.75,361.0,935.0,26883.0
80.0,366.0,935.0,366.0,122.0,935.0,233.75,23615.0,11807.5,23363.0,252.0,104.0,136.0,54.062821,122.0,233.75,366.0,935.0,26883.0
80.0,301.0,935.0,301.0,100.3333333,935.0,233.75,1969.0,984.5,1662.0,307.0,104.0,136.0,199.6672213,100.3333333,233.75,301.0,935.0,26883.0
80.0,328.0,935.0,328.0,109.3333333,935.0,233.75,4562.0,2281.0,4329.0,233.0,104.0,136.0,444.4444444,109.3333333,233.75,328.0,935.0,26883.0
80.0,308.0,935.0,308.0,102.6666667,935.0,233.75,17921.0,8960.5,17670.0,251.0,104.0,136.0,65.36090111,102.6666667,233.75,308.0,935.0,26883.0
80.0,321.0,935.0,321.0,107.0,935.0,233.75,17203.0,8601.5,16931.0,272.0,104.0,136.0,122.6943683,107.0,233.75,321.0,935.0,26883.0
80.0,0.0,0.0,0.0,0.0,0.0,0.0,108.0,108.0,108.0,108.0,64.0,0.0,18518.51852,0.0,0.0,0.0,0.0,225.0
80.0,371.0,935.0,371.0,123.6666667,935.0,233.75,5356.0,2678.0,3585.0,1771.0,104.0,136.0,64.86065769,123.6666667,233.75,371.0,935.0,26883.0
80.0,347.0,935.0,347.0,115.6666667,935.0,233.75,24926.0,12463.0,24664.0,262.0,104.0,136.0,59.69555268,115.6666667,233.75,347.0,935.0,26883.0
80.0,336.0,935.0,336.0,112.0,935.0,233.75,12710.0,6355.0,12263.0,447.0,104.0,136.0,107.77023390000002,112.0,233.75,336.0,935.0,26883.0
80.0,0.0,0.0,0.0,0.0,0.0,0.0,46.0,46.0,46.0,46.0,64.0,0.0,43478.26087,0.0,0.0,0.0,0.0,225.0
80.0,338.0,935.0,338.0,112.6666667,935.0,233.75,44457.0,22228.5,44189.0,268.0,104.0,136.0,63.50415952,112.6666667,233.75,338.0,935.0,26883.0
80.0,396.0,935.0,396.0,132.0,935.0,233.75,3874.0,1937.0,3615.0,259.0,104.0,136.0,94.04683532,132.0,233.75,396.0,935.0,26883.0
80.0,0.0,0.0,0.0,0.0,0.0,0.0,48.0,48.0,48.0,48.0,64.0,0.0,41666.66667,0.0,0.0,0.0,0.0,225.0
80.0,413.0,935.0,413.0,137.66666669999998,935.0,233.75,55112.0,27556.0,54858.0,254.0,104.0,136.0,54.01706939,137.66666669999998,233.75,413.0,935.0,26883.0
80.0,328.0,935.0,328.0,109.3333333,935.0,233.75,10638.0,5319.0,10352.0,286.0,104.0,136.0,109.6130659,109.3333333,233.75,328.0,935.0,26883.0
80.0,0.0,0.0,0.0,0.0,0.0,0.0,103.0,103.0,103.0,103.0,64.0,0.0,19417.47573,0.0,0.0,0.0,0.0,225.0
80.0,364.0,935.0,364.0,121.3333333,935.0,233.75,32469.0,16234.5,32142.0,327.0,104.0,136.0,87.26764988,121.3333333,233.75,364.0,935.0,26883.0
80.0,0.0,0.0,0.0,0.0,0.0,0.0,80.0,80.0,80.0,80.0,64.0,0.0,25000.0,0.0,0.0,0.0,0.0,225.0
80.0,351.0,935.0,351.0,117.0,935.0,233.75,38579.0,19289.5,38310.0,269.0,104.0,136.0,74.83349547,117.0,233.75,351.0,935.0,26883.0
80.0,0.0,0.0,0.0,0.0,0.0,0.0,51.0,51.0,51.0,51.0,64.0,0.0,39215.68627,0.0,0.0,0.0,0.0,225.0
80.0,375.0,935.0,375.0,125.0,935.0,233.75,41828.0,20914.0,41494.0,334.0,104.0,136.0,38.26042597,125.0,233.75,375.0,935.0,26883.0
80.0,377.0,935.0,377.0,125.6666667,935.0,233.75,37768.0,18884.0,37437.0,331.0,104.0,136.0,76.67339689,125.6666667,233.75,377.0,935.0,26883.0
80.0,373.0,935.0,373.0,124.3333333,935.0,233.75,61336.0,30668.0,58778.0,2558.0,104.0,136.0,40.53451514,124.3333333,233.75,373.0,935.0,26883.0
80.0,353.0,935.0,353.0,117.6666667,935.0,233.75,37584.0,18792.0,37268.0,316.0,104.0,136.0,77.23598167,117.6666667,233.75,353.0,935.0,26883.0
80.0,395.0,935.0,395.0,131.6666667,935.0,233.75,11772.0,5886.0,9960.0,1812.0,104.0,136.0,79.18283316,131.6666667,233.75,395.0,935.0,26883.0
80.0,0.0,0.0,0.0,0.0,0.0,0.0,80.0,80.0,80.0,80.0,64.0,0.0,25000.0,0.0,0.0,0.0,0.0,225.0
80.0,0.0,0.0,0.0,0.0,0.0,0.0,92.0,92.0,92.0,92.0,64.0,0.0,21739.13043,0.0,0.0,0.0,0.0,225.0
80.0,0.0,0.0,0.0,0.0,0.0,0.0,77.0,77.0,77.0,77.0,64.0,0.0,25974.02597,0.0,0.0,0.0,0.0,225.0
80.0,296.0,935.0,296.0,98.66666667,935.0,233.75,14870.0,7435.0,14582.0,288.0,104.0,136.0,197.7717714,98.66666667,233.75,296.0,935.0,26883.0
80.0,321.0,935.0,321.0,107.0,935.0,233.75,19757.0,9878.5,19439.0,318.0,104.0,136.0,132.55567340000002,107.0,233.75,321.0,935.0,26883.0
80.0,0.0,0.0,0.0,0.0,0.0,0.0,104.0,104.0,104.0,104.0,64.0,0.0,19230.76923,0.0,0.0,0.0,0.0,225.0
80.0,0.0,0.0,0.0,0.0,0.0,0.0,68.0,68.0,68.0,68.0,64.0,0.0,29411.764710000003,0.0,0.0,0.0,0.0,225.0
80.0,327.0,935.0,327.0,81.75,935.0,233.75,49757.0,16585.66667,47324.0,271.0,136.0,136.0,80.28259473,81.75,233.75,327.0,935.0,26883.0
80.0,306.0,935.0,306.0,102.0,935.0,233.75,2846.0,1423.0,2584.0,262.0,104.0,136.0,396.4059197,102.0,233.75,306.0,935.0,26883.0
80.0,398.0,935.0,398.0,132.6666667,935.0,233.75,23259.0,11629.5,23019.0,240.0,104.0,136.0,105.470398,132.6666667,233.75,398.0,935.0,26883.0
80.0,376.0,935.0,376.0,125.3333333,935.0,233.75,2155.0,1077.5,1540.0,615.0,104.0,136.0,85.53832117,125.3333333,233.75,376.0,935.0,26883.0
80.0,326.0,935.0,326.0,108.6666667,935.0,233.75,5474.0,2737.0,5220.0,254.0,104.0,136.0,135.9680928,108.6666667,233.75,326.0,935.0,26883.0
80.0,668.0,935.0,334.0,167.0,935.0,233.75,211271.0,70423.66667,204615.0,3023.0,136.0,136.0,16.36413473,167.0,233.75,668.0,935.0,26883.0
80.0,376.0,935.0,376.0,125.3333333,935.0,233.75,58732.0,29366.0,58412.0,320.0,104.0,136.0,31.29466009,125.3333333,233.75,376.0,935.0,26883.0
80.0,289.0,935.0,289.0,96.33333333,935.0,233.75,11719.0,5859.5,9275.0,2444.0,104.0,136.0,54.60601758,96.33333333,233.75,289.0,935.0,26883.0
80.0,355.0,935.0,355.0,118.3333333,935.0,233.75,25685.0,12842.5,25363.0,322.0,104.0,136.0,89.60038229,118.3333333,233.75,355.0,935.0,26883.0
80.0,0.0,0.0,0.0,0.0,0.0,0.0,95.0,95.0,95.0,95.0,64.0,0.0,21052.63158,0.0,0.0,0.0,0.0,225.0
80.0,320.0,935.0,320.0,106.6666667,935.0,233.75,27686.0,13843.0,27363.0,323.0,104.0,136.0,93.07809252,106.6666667,233.75,320.0,935.0,26883.0
80.0,336.0,935.0,336.0,112.0,935.0,233.75,17254.0,8627.0,16920.0,334.0,104.0,136.0,134.2462075,112.0,233.75,336.0,935.0,26883.0
80.0,385.0,935.0,385.0,128.3333333,935.0,233.75,7768.0,3884.0,3987.0,3781.0,104.0,136.0,62.36357967,128.3333333,233.75,385.0,935.0,26883.0
80.0,376.0,935.0,376.0,125.3333333,935.0,233.75,11569.0,5784.5,9233.0,2336.0,104.0,136.0,56.07371825,125.3333333,233.75,376.0,935.0,26883.0
80.0,315.0,935.0,315.0,105.0,935.0,233.75,12759.0,6379.5,10869.0,1890.0,104.0,136.0,51.91389216,105.0,233.75,315.0,935.0,26883.0
80.0,380.0,935.0,380.0,126.6666667,935.0,233.75,11141.0,5570.5,10887.0,254.0,104.0,136.0,158.5539876,126.6666667,233.75,380.0,935.0,26883.0
80.0,352.0,935.0,352.0,117.3333333,935.0,233.75,8457.0,4228.5,8178.0,279.0,104.0,136.0,211.4910116,117.3333333,233.75,352.0,935.0,26883.0
80.0,419.0,935.0,419.0,139.66666669999998,935.0,233.75,39891.0,19945.5,39647.0,244.0,104.0,136.0,67.04060426,139.66666669999998,233.75,419.0,935.0,26883.0
80.0,305.0,935.0,305.0,101.6666667,935.0,233.75,26518.0,13259.0,19177.0,7341.0,104.0,136.0,78.47240387,101.6666667,233.75,305.0,935.0,26883.0
80.0,335.0,935.0,335.0,111.6666667,935.0,233.75,12498.0,6249.0,10741.0,1757.0,104.0,136.0,55.86592179,111.6666667,233.75,335.0,935.0,26883.0
80.0,362.0,935.0,362.0,120.6666667,935.0,233.75,10282.0,5141.0,9930.0,352.0,104.0,136.0,81.54168139,120.6666667,233.75,362.0,935.0,26883.0
80.0,0.0,0.0,0.0,0.0,0.0,0.0,52.0,52.0,52.0,52.0,64.0,0.0,38461.53846,0.0,0.0,0.0,0.0,225.0
80.0,304.0,935.0,304.0,101.3333333,935.0,233.75,36078.0,18039.0,35806.0,272.0,104.0,136.0,82.46969239,101.3333333,233.75,304.0,935.0,26883.0
80.0,290.0,935.0,290.0,96.66666667,935.0,233.75,7008.0,3504.0,6654.0,354.0,104.0,136.0,180.0828381,96.66666667,233.75,290.0,935.0,26883.0
80.0,296.0,935.0,296.0,98.66666667,935.0,233.75,7966.0,3983.0,7148.0,818.0,104.0,136.0,65.96451109,98.66666667,233.75,296.0,935.0,26883.0
80.0,407.0,935.0,407.0,135.66666669999998,935.0,233.75,11191.0,5595.5,10031.0,1160.0,104.0,136.0,44.41549212,135.66666669999998,233.75,407.0,935.0,26883.0
80.0,351.0,935.0,351.0,117.0,935.0,233.75,40919.0,20459.5,40653.0,266.0,104.0,136.0,38.28825954,117.0,233.75,351.0,935.0,26883.0
80.0,320.0,935.0,320.0,106.6666667,935.0,233.75,17794.0,8897.0,17470.0,324.0,104.0,136.0,151.9064256,106.6666667,233.75,320.0,935.0,26883.0
80.0,345.0,935.0,345.0,115.0,935.0,233.75,9574.0,4787.0,5609.0,3965.0,104.0,136.0,66.37608691,115.0,233.75,345.0,935.0,26883.0
80.0,400.0,935.0,400.0,133.3333333,935.0,233.75,3206.0,1603.0,1990.0,1216.0,104.0,136.0,62.78383526,133.3333333,233.75,400.0,935.0,26883.0
80.0,410.0,935.0,410.0,136.66666669999998,935.0,233.75,35423.0,17711.5,35050.0,373.0,104.0,136.0,46.65339637,136.66666669999998,233.75,410.0,935.0,26883.0
80.0,984.0,935.0,328.0,196.8,935.0,233.75,434974.0,108743.5,211081.0,2779.0,168.0,136.0,11.29420269,196.8,233.75,984.0,935.0,26883.0
80.0,0.0,0.0,0.0,0.0,0.0,0.0,85.0,85.0,85.0,85.0,64.0,0.0,23529.41176,0.0,0.0,0.0,0.0,225.0
80.0,323.0,935.0,323.0,107.6666667,935.0,233.75,36573.0,18286.5,36305.0,268.0,104.0,136.0,45.46694553,107.6666667,233.75,323.0,935.0,26883.0
80.0,352.0,935.0,352.0,117.3333333,935.0,233.75,41822.0,20911.0,41508.0,314.0,104.0,136.0,53.49596105,117.3333333,233.75,352.0,935.0,26883.0
80.0,375.0,935.0,375.0,125.0,935.0,233.75,11900.0,5950.0,10506.0,1394.0,104.0,136.0,54.57423005,125.0,233.75,375.0,935.0,26883.0
80.0,304.0,935.0,304.0,101.3333333,935.0,233.75,88020.0,44010.0,87742.0,278.0,104.0,136.0,33.245786100000004,101.3333333,233.75,304.0,935.0,26883.0
80.0,0.0,0.0,0.0,0.0,0.0,0.0,14.0,14.0,14.0,14.0,64.0,0.0,142857.1429,0.0,0.0,0.0,0.0,225.0
80.0,322.0,935.0,322.0,107.3333333,935.0,233.75,3015.0,1507.5,2774.0,241.0,104.0,136.0,187.9228264,107.3333333,233.75,322.0,935.0,26883.0
80.0,354.0,935.0,354.0,118.0,935.0,233.75,7467.0,3733.5,7202.0,265.0,104.0,136.0,369.3216792,118.0,233.75,354.0,935.0,26883.0
80.0,367.0,935.0,367.0,122.3333333,935.0,233.75,32925.0,16462.5,32628.0,297.0,104.0,136.0,48.83925374,122.3333333,233.75,367.0,935.0,26883.0
80.0,350.0,935.0,350.0,116.6666667,935.0,233.75,23667.0,11833.5,23408.0,259.0,104.0,136.0,121.7384247,116.6666667,233.75,350.0,935.0,26883.0
80.0,374.0,935.0,374.0,124.6666667,935.0,233.75,22681.0,11340.5,22374.0,307.0,104.0,136.0,127.16714,124.6666667,233.75,374.0,935.0,26883.0
80.0,371.0,935.0,371.0,123.6666667,935.0,233.75,12593.0,6296.5,11934.0,659.0,104.0,136.0,54.72056034,123.6666667,233.75,371.0,935.0,26883.0
80.0,312.0,935.0,312.0,104.0,935.0,233.75,26281.0,13140.5,23273.0,3008.0,104.0,136.0,65.45502149,104.0,233.75,312.0,935.0,26883.0
80.0,326.0,935.0,326.0,108.6666667,935.0,233.75,16493.0,8246.5,16189.0,304.0,104.0,136.0,174.2666279,108.6666667,233.75,326.0,935.0,26883.0
80.0,354.0,935.0,354.0,118.0,935.0,233.75,12978.0,6489.0,12718.0,260.0,104.0,136.0,112.1243833,118.0,233.75,354.0,935.0,26883.0
80.0,307.0,935.0,307.0,102.3333333,935.0,233.75,21592.0,10796.0,20738.0,854.0,104.0,136.0,67.62849414,102.3333333,233.75,307.0,935.0,26883.0
80.0,0.0,0.0,0.0,0.0,0.0,0.0,86.0,86.0,86.0,86.0,64.0,0.0,23255.81395,0.0,0.0,0.0,0.0,225.0
80.0,346.0,935.0,346.0,115.3333333,935.0,233.75,10650.0,5325.0,9165.0,1485.0,104.0,136.0,58.83275808,115.3333333,233.75,346.0,935.0,26883.0
80.0,351.0,935.0,351.0,117.0,935.0,233.75,39683.0,19841.5,39399.0,284.0,104.0,136.0,41.58234691,117.0,233.75,351.0,935.0,26883.0
80.0,288.0,935.0,288.0,96.0,935.0,233.75,48034.0,24017.0,47733.0,301.0,104.0,136.0,33.51468502,96.0,233.75,288.0,935.0,26883.0
80.0,370.0,935.0,370.0,123.3333333,935.0,233.75,21473.0,10736.5,21203.0,270.0,104.0,136.0,73.53842383,123.3333333,233.75,370.0,935.0,26883.0
80.0,355.0,935.0,355.0,118.3333333,935.0,233.75,44190.0,22095.0,43931.0,259.0,104.0,136.0,36.43164210000001,118.3333333,233.75,355.0,935.0,26883.0
80.0,378.0,935.0,378.0,94.5,935.0,233.75,1025241.0,341747.0,1023208.0,176.0,144.0,136.0,3.749183381,94.5,233.75,378.0,935.0,26883.0
80.0,360.0,935.0,360.0,120.0,935.0,233.75,6266.0,3133.0,4300.0,1966.0,104.0,136.0,60.19020104,120.0,233.75,360.0,935.0,26883.0
80.0,318.0,935.0,318.0,106.0,935.0,233.75,34265.0,17132.5,33934.0,331.0,104.0,136.0,44.14751155,106.0,233.75,318.0,935.0,26883.0
80.0,311.0,935.0,311.0,103.6666667,935.0,233.75,6882.0,3441.0,4328.0,2554.0,104.0,136.0,61.97322757,103.6666667,233.75,311.0,935.0,26883.0
80.0,338.0,935.0,338.0,112.6666667,935.0,233.75,5964.0,2982.0,4111.0,1853.0,104.0,136.0,59.09466966,112.6666667,233.75,338.0,935.0,26883.0
80.0,0.0,0.0,0.0,0.0,0.0,0.0,66.0,66.0,66.0,66.0,64.0,0.0,30303.0303,0.0,0.0,0.0,0.0,225.0
80.0,375.0,935.0,375.0,125.0,935.0,233.75,18405.0,9202.5,18143.0,262.0,104.0,136.0,128.2325283,125.0,233.75,375.0,935.0,26883.0
80.0,356.0,935.0,356.0,118.6666667,935.0,233.75,1418.0,709.0,1052.0,366.0,104.0,136.0,460.5465152,118.6666667,233.75,356.0,935.0,26883.0
80.0,0.0,0.0,0.0,0.0,0.0,0.0,45.0,45.0,45.0,45.0,64.0,0.0,44444.44444,0.0,0.0,0.0,0.0,225.0
80.0,331.0,935.0,331.0,110.3333333,935.0,233.75,9187.0,4593.5,8932.0,255.0,104.0,136.0,82.30452675,110.3333333,233.75,331.0,935.0,26883.0
80.0,366.0,935.0,366.0,122.0,935.0,233.75,3679.0,1839.5,2591.0,1088.0,104.0,136.0,60.87415283,122.0,233.75,366.0,935.0,26883.0
80.0,371.0,935.0,371.0,123.6666667,935.0,233.75,37417.0,18708.5,37156.0,261.0,104.0,136.0,54.00054001,123.6666667,233.75,371.0,935.0,26883.0
80.0,331.0,935.0,331.0,110.3333333,935.0,233.75,3081.0,1540.5,2775.0,306.0,104.0,136.0,237.1354043,110.3333333,233.75,331.0,935.0,26883.0
80.0,367.0,935.0,367.0,122.3333333,935.0,233.75,26200.0,13100.0,25955.0,245.0,104.0,136.0,47.20320982,122.3333333,233.75,367.0,935.0,26883.0
80.0,341.0,935.0,341.0,113.6666667,935.0,233.75,22208.0,11104.0,21892.0,316.0,104.0,136.0,126.0133574,113.6666667,233.75,341.0,935.0,26883.0
80.0,364.0,935.0,364.0,121.3333333,935.0,233.75,18353.0,9176.5,16418.0,1935.0,104.0,136.0,61.74618203,121.3333333,233.75,364.0,935.0,26883.0
80.0,341.0,935.0,341.0,113.6666667,935.0,233.75,13254.0,6627.0,12465.0,789.0,104.0,136.0,122.483975,113.6666667,233.75,341.0,935.0,26883.0
80.0,337.0,935.0,337.0,112.3333333,935.0,233.75,25144.0,12572.0,24884.0,260.0,104.0,136.0,108.4520281,112.3333333,233.75,337.0,935.0,26883.0
80.0,349.0,935.0,349.0,116.3333333,935.0,233.75,6743.0,3371.5,4630.0,2113.0,104.0,136.0,57.98670172,116.3333333,233.75,349.0,935.0,26883.0
80.0,0.0,0.0,0.0,0.0,0.0,0.0,104.0,104.0,104.0,104.0,64.0,0.0,19230.76923,0.0,0.0,0.0,0.0,225.0
80.0,377.0,935.0,377.0,125.6666667,935.0,233.75,21826.0,10913.0,21553.0,273.0,104.0,136.0,111.0453065,125.6666667,233.75,377.0,935.0,26883.0
80.0,366.0,935.0,366.0,122.0,935.0,233.75,11432.0,5716.0,9999.0,1433.0,104.0,136.0,56.5664184,122.0,233.75,366.0,935.0,26883.0
80.0,0.0,0.0,0.0,0.0,0.0,0.0,78.0,78.0,78.0,78.0,64.0,0.0,25641.02564,0.0,0.0,0.0,0.0,225.0
80.0,353.0,935.0,353.0,117.6666667,935.0,233.75,4534.0,2267.0,4079.0,455.0,104.0,136.0,61.29203612,117.6666667,233.75,353.0,935.0,26883.0
80.0,319.0,935.0,319.0,106.3333333,935.0,233.75,3974.0,1987.0,3617.0,357.0,104.0,136.0,219.4105171,106.3333333,233.75,319.0,935.0,26883.0
80.0,289.0,935.0,289.0,96.33333333,935.0,233.75,13458.0,6729.0,13061.0,397.0,104.0,136.0,107.6464889,96.33333333,233.75,289.0,935.0,26883.0
80.0,314.0,935.0,314.0,104.6666667,935.0,233.75,5869.0,2934.5,5121.0,748.0,104.0,136.0,318.606627,104.6666667,233.75,314.0,935.0,26883.0
80.0,303.0,935.0,303.0,101.0,935.0,233.75,11211.0,5605.5,10879.0,332.0,104.0,136.0,119.9328376,101.0,233.75,303.0,935.0,26883.0
80.0,361.0,935.0,361.0,120.3333333,935.0,233.75,11836.0,5918.0,11412.0,424.0,104.0,136.0,239.10098030000003,120.3333333,233.75,361.0,935.0,26883.0
80.0,0.0,0.0,0.0,0.0,0.0,0.0,79.0,79.0,79.0,79.0,64.0,0.0,25316.4557,0.0,0.0,0.0,0.0,225.0
80.0,674.0,935.0,337.0,134.8,935.0,233.75,1244754.0,311188.5,1020152.0,2659.0,176.0,136.0,3.884816738,134.8,233.75,674.0,935.0,26883.0
80.0,380.0,935.0,380.0,126.6666667,935.0,233.75,13038.0,6519.0,10017.0,3021.0,104.0,136.0,42.90801951,126.6666667,233.75,380.0,935.0,26883.0
80.0,0.0,0.0,0.0,0.0,0.0,0.0,82.0,82.0,82.0,82.0,64.0,0.0,24390.2439,0.0,0.0,0.0,0.0,225.0
80.0,358.0,935.0,358.0,119.3333333,935.0,233.75,3456.0,1728.0,2846.0,610.0,104.0,136.0,140.6403825,119.3333333,233.75,358.0,935.0,26883.0
80.0,394.0,935.0,394.0,131.3333333,935.0,233.75,13465.0,6732.5,13188.0,277.0,104.0,136.0,76.27377199,131.3333333,233.75,394.0,935.0,26883.0
80.0,335.0,935.0,335.0,83.75,935.0,233.75,1021222.0,340407.3333,1020134.0,454.0,144.0,136.0,3.79997682,83.75,233.75,335.0,935.0,26883.0
80.0,329.0,935.0,329.0,109.6666667,935.0,233.75,31275.0,15637.5,30992.0,283.0,104.0,136.0,88.66034223,109.6666667,233.75,329.0,935.0,26883.0
80.0,360.0,935.0,360.0,120.0,935.0,233.75,3347.0,1673.5,3085.0,262.0,104.0,136.0,87.95074758,120.0,233.75,360.0,935.0,26883.0
80.0,359.0,935.0,359.0,119.6666667,935.0,233.75,3691.0,1845.5,1926.0,1765.0,104.0,136.0,62.96832693,119.6666667,233.75,359.0,935.0,26883.0
80.0,325.0,935.0,325.0,108.3333333,935.0,233.75,25457.0,12728.5,25165.0,292.0,104.0,136.0,87.26257308,108.3333333,233.75,325.0,935.0,26883.0
80.0,321.0,935.0,321.0,107.0,935.0,233.75,33476.0,16738.0,33213.0,263.0,104.0,136.0,88.80994671,107.0,233.75,321.0,935.0,26883.0
80.0,353.0,935.0,353.0,117.6666667,935.0,233.75,9198.0,4599.0,4815.0,4383.0,104.0,136.0,62.46616416,117.6666667,233.75,353.0,935.0,26883.0
80.0,325.0,935.0,325.0,108.3333333,935.0,233.75,51383.0,25691.5,48583.0,2800.0,104.0,136.0,31.4409382,108.3333333,233.75,325.0,935.0,26883.0
80.0,340.0,935.0,340.0,113.3333333,935.0,233.75,14285.0,7142.5,10608.0,3677.0,104.0,136.0,64.79201762,113.3333333,233.75,340.0,935.0,26883.0
80.0,291.0,935.0,291.0,72.75,935.0,233.75,26172.0,8724.0,15393.0,264.0,136.0,136.0,146.5630954,72.75,233.75,291.0,935.0,26883.0
80.0,353.0,935.0,353.0,117.6666667,935.0,233.75,53893.0,26946.5,53632.0,261.0,104.0,136.0,35.00746826,117.6666667,233.75,353.0,935.0,26883.0
80.0,337.0,935.0,337.0,112.3333333,935.0,233.75,40693.0,20346.5,40413.0,280.0,104.0,136.0,71.48303469,112.3333333,233.75,337.0,935.0,26883.0
80.0,0.0,0.0,0.0,0.0,0.0,0.0,77.0,77.0,77.0,77.0,64.0,0.0,25974.02597,0.0,0.0,0.0,0.0,225.0
80.0,351.0,935.0,351.0,117.0,935.0,233.75,25311.0,12655.5,24945.0,366.0,104.0,136.0,116.9681847,117.0,233.75,351.0,935.0,26883.0
80.0,411.0,935.0,411.0,137.0,935.0,233.75,12059.0,6029.5,11027.0,1032.0,104.0,136.0,53.26326255,137.0,233.75,411.0,935.0,26883.0
80.0,331.0,935.0,331.0,110.3333333,935.0,233.75,29773.0,14886.5,29484.0,289.0,104.0,136.0,89.59503046,110.3333333,233.75,331.0,935.0,26883.0
80.0,372.0,935.0,372.0,124.0,935.0,233.75,33394.0,16697.0,33062.0,332.0,104.0,136.0,87.48906387,124.0,233.75,372.0,935.0,26883.0
80.0,0.0,0.0,0.0,0.0,0.0,0.0,113.0,113.0,113.0,113.0,64.0,0.0,17699.11504,0.0,0.0,0.0,0.0,225.0
